 26.4239 61.3905
 88.5647 6.23053

 83.4 90
 83.6 92.8
 83.1 94.7
 82.7 96.9
 81.7 98.7
 81.4 99
 80.4 99.1
 79.2 98.8
 79.1 98.7
 79.1 97.9
 79 97.8
 79 96.9
 78.9 96.8
 78.9 95.5
 79.8 91.5
 81 89.5
 82.1 89.5
 83 89.7

 29.2 86.3
 29.2 87
 28.5 88.8
 26.5 91.4
 26.1 91.8
 24.5 92.8
 23.7 92.7
 22.8 92
 22.8 91.1
 23 90.8
 23.4 89.5
 25.5 86.7
 27.1 85.5
 28.2 85.5

 66.7 84.9
 68 84.8
 68.1 84.7
 69.5 84.7
 69.6 84.8
 70.1 84.8
 71.3 85.1
 71.8 85.1
 74.1 85.6
 75.1 85.7
 75.3 85.9
 77.5 87
 77.9 87.4
 77.9 88.4
 77.7 89
 77.6 89.9
 77.4 90.1
 76.8 90.3
 76.2 90.3
 76.1 90.4
 75.5 90.4
 75.4 90.5
 73.8 90.7
 72.6 90.4
 71 90.2
 70.9 90.1
 69.8 90
 69.2 89.8
 68.7 89.8
 67.6 89.5
 65 88
 65 86.7
 65.1 86.6
 65.3 85.2

 40 83.4
 40.7 83.8
 42 84.3
 42.4 84.7
 44 88.2
 44 89
 45.4 90.3
 45.4 91.5
 45.3 91.6
 45.1 94.6
 43.1 96.1
 42.3 96.5
 38 96.2
 37.4 96
 35.3 94
 35.5 90.1
 34.7 88.4
 34.7 87.2
 35 86.5
 35 86.2
 35.6 84.7
 36.7 84.3
 38.7 83.3

 10.4 76.1
 10.5 76.4
 10.5 77.2
 10.7 78.1
 10.7 78.8
 10.8 78.9
 10.8 79.8
 7.9 81.9
 6.9 82
 6.8 82.1
 6 82.1
 5.8 82.3
 6.2 82.5
 6.6 82.9
 6.6 85.1
 6.3 85.4
 4.8 86.2
 1.6 86.2
 0.1 85.4
 0.1 82.7
 0.5 82.4
 0.1 82.1
 0.1 75.6
 0.4 75.4
 0.8 75.4
 0.9 75.3
 2.5 75.2
 3.4 75
 4.1 75
 4.2 74.9
 5 74.9
 5.9 74.7
 7.2 74.7
 10.1 75.8

 86.6 70
 87.2 70.2
 87.6 70.2
 88.1 70.4
 89 70.5
 89.3 70.8
 89.3 71
 90.2 72.8
 90.2 73.8
 89.6 76.5
 89.9 76.7
 91 76.7
 91.7 77.4
 93 79.1
 92.9 83.5
 92.8 83.6
 92.8 84
 90.8 86.2
 90.5 86.3
 88.1 86.3
 88 86.2
 86.5 86.2
 86.2 86.1
 84.4 83.9
 84.5 78.8
 83.7 78.4
 82.7 76.3
 82.7 75.4
 83 74.4
 83.5 71.7
 85.3 70

 68.6 68.4
 68.6 71.7
 67.6 74.2
 67.4 75
 67.2 75.3
 67 76.1
 66.3 76.9
 65.9 77.6
 65.8 78.1
 64.2 82.1
 61.3 84.3
 60.8 84.5
 60.2 84.4
 59.9 84.2
 56.6 83
 56.4 82.6
 56.4 82.2
 55.7 79.4
 55.7 78.5
 57.9 72.9
 60.8 70.8
 61.9 70.8
 63.4 71.4
 64 69.7
 65.8 67.6
 66.8 67.6
 68.4 68.2

 22.2 65.9
 22.9 66.1
 23.4 66.1
 23.8 66.6
 24.3 68.6
 24.3 69.7
 24 71
 24 71.5
 23.9 71.6
 23.9 72.2
 23.8 72.3
 23.6 73.9
 22.3 76
 21.8 76.3
 19.3 75.9
 19.1 75.5
 18.6 73.5
 18.6 72.3
 18.9 71
 18.9 70.5
 19 70.4
 19 69.9
 19.1 69.8
 19.3 68
 20.7 65.9

 89.9 56.4
 90.3 57.8
 90.3 58.8
 89.4 61.5
 88.1 62.5
 88 63.2
 86.1 65.2
 82 68
 79 69.2
 78.4 69.1
 77.6 68.1
 77.6 67.1
 79.6 65
 83.7 62.2
 84.5 61.9
 84.7 61.7
 84.3 60.4
 84.3 59.3
 85.2 56.6
 86.7 55.4
 87.9 55.4
 89.6 56

 55 64.4
 55 65.1
 53.1 69.5
 52.8 69.8
 49.9 71.2
 48.9 71.1
 46.7 70.1
 46.6 70.2
 46.7 70.3
 46.7 71.1
 45.6 73.7
 45 74.3
 41.5 77.1
 40.7 77.5
 39.8 77.6
 39.5 78.1
 38.1 79.4
 37.6 79.6
 37.2 79.6
 35.5 78.8
 35.4 76.3
 34.9 75.9
 34 74.8
 34 73.9
 34.6 72.3
 35.2 72.1
 36.4 72
 40.8 68.4
 42.7 68.1
 42.8 68
 43.3 68
 43.4 67.9
 44.8 67.9
 44.9 67.6
 44.6 66.6
 44.4 66.3
 42.9 67.3
 38.8 68.4
 36.4 68.3
 35.9 68.1
 35.3 70.2
 35.1 71.4
 34 72.6
 32.1 74.2
 31.3 74.3
 30.3 74
 30.1 74.3
 30 75.7
 29.7 76.2
 28.9 76.4
 28 76.4
 27.5 76.1
 26.6 73.7
 26.4 71.5
 25.7 69.9
 25.7 68.7
 27 63.6
 27 63.2
 29.9 60.6
 30.9 60.6
 34.9 61.6
 35.1 61.8
 36.1 64.5
 36.4 64.9
 37.4 64.3
 41 63.4
 42.9 63.4
 43 63.5
 44.4 63.6
 44.6 63.8
 44.7 64.5
 44.9 64.7
 46.3 61.5
 46.2 61.4
 45.5 62.1
 45.2 62.2
 42.9 62.3
 42.6 62.2
 40.8 60.3
 40.9 57.9
 41 57.8
 41 57.4
 43.2 55.3
 46.1 55.2
 48 57.2
 47.9 59.5
 47.8 59.9
 47.1 60.6
 47.2 60.7
 49.4 59.6
 50.3 59.6
 53.3 61
 53.5 61
 54.1 61.4

 12.5 53.6
 12.6 53.7
 12.6 54.9
 10.6 56.7
 9 56.9
 8.9 57
 8.3 57
 7.9 57.2
 8 57.3
 8 58
 6.4 61.2
 6 61.6
 3.8 62.5
 3.2 62.5
 0.3 61.1
 0.1 60.9
 0.1 56.5
 1.1 54.5
 1.7 54.1
 2.9 53.6
 2.9 52.7
 4.8 51
 8.1 50.6
 8.2 50.5
 10 50.5
 12 51.4
 12.3 51.7

 28.3 50.2
 28.7 50.6
 29.7 54
 29.7 54.7
 28.9 56.7
 28.5 57.1
 27.2 57.4
 25.8 57.9
 25.2 57.9
 24.7 57.7
 23 56.4
 22.3 54.2
 22.3 53.9
 22 53.2
 22 51.9
 22.3 51.4
 22.7 50.2
 23 49.8
 24 49.6
 25.4 49.1
 26.7 49.1

 53.2 44.3
 53.3 44.4
 53.8 44.4
 54.4 44.6
 54.9 44.6
 55 44.7
 56.8 45
 57.2 45.5
 58.5 47.8
 58.5 48.9
 58 51.1
 57.7 53.2
 57.4 53.6
 55.2 55.4
 54.7 55.6
 50.3 54.8
 49.9 54.4
 48.6 52.1
 48.6 50.5
 48.9 49.4
 48.9 48.9
 49.2 47.8
 49.4 46.3
 51.9 44.3

 80.9 42.6
 84.3 46
 84.4 49.7
 81.2 52.9
 80.3 53
 80.2 52.9
 78.1 52.9
 77.2 52.7
 74 49.4
 73.9 45.5
 76.9 42.5

 88.8 36.8
 88.9 36.7
 90.1 36.7
 92.1 37.7
 92.5 38.1
 93.1 39.3
 93.1 40.1
 92.5 41.3
 92 41.8
 91 41.9
 90.9 42
 90 42
 87.7 40.9
 87.5 40.7
 86.9 39.5
 86.9 38.4
 87.7 36.9

 40.3 35.3
 41.2 37.5
 41.2 37.9
 42.1 41.6
 42.1 42
 42.3 42.5
 42.3 43.5
 43.6 44.5
 43.6 45.5
 42.6 48
 42.2 48.5
 42.2 51.8
 39.6 54.2
 39.1 54.4
 37 54.4
 36.8 54.6
 36.2 54.7
 35.9 54.6
 35.6 54.3
 33.7 54.3
 33.4 54.2
 30.8 51.8
 30.8 47.3
 30.9 47.2
 30.9 46.1
 33.5 43.8
 38.9 43.8
 39 43.7
 38.6 42.1
 38.6 41.7
 38.4 41.2
 38.4 40.8
 38.2 40.3
 38.1 39.4
 37.9 38.9
 37.8 34.9
 38 34.7
 38.4 34.7
 38.9 34.5
 39.8 34.5

 83.3 32
 83.6 32.3
 84.8 34.2
 84.9 39.1
 83.5 41.4
 83.2 41.5
 81.5 41.5
 81.4 41.6
 80.3 41.6
 80 41.5
 78.6 39.4
 78.5 34.2
 79.8 32

 12 26.9
 12.4 28
 12.8 28.7
 12.8 29.6
 12.5 30.5
 12.1 32.6
 11.3 33.4
 12.4 36
 12.4 37
 11.2 39.4
 10.8 39.7
 6.9 41.3
 6.2 41.3
 3.5 40.4
 3.1 39.9
 2.2 37.5
 1.9 37
 1.9 35.8
 3.1 33.4
 3.5 33.1
 4.2 32.9
 6.2 32
 6 31.7
 6 30.8
 6.7 28.1
 6.7 27.7
 7 27.3
 8.5 26.1
 9.4 26.1
 11.8 26.7

 17.9 24.7
 19.4 24.7
 19.5 24.8
 22.5 25.1
 22.6 25.2
 24 25.3
 24.8 25.5
 27.5 27.8
 27.2 30.9
 27.1 31
 27.2 32.4
 26.7 32.9
 26.8 33
 30.6 33
 32 34.1
 32.5 34.6
 32.4 37.9
 30.7 39.3
 30.2 39.5
 26.5 39.5
 26.2 39.4
 24.4 38
 24.4 35.2
 24.3 35.1
 23.8 35.2
 23.5 35.4
 19.1 37
 15.4 36.6
 15.1 36.1
 14.3 33.9
 14.3 33
 15.5 31.7
 14.4 30.7
 14.4 29.1
 14.5 29
 14.8 26.2

 89.9 19.9
 93.2 21.2
 96.1 26.1
 96.1 27.3
 96 27.4
 96 28
 95.7 29.3
 95.6 30.4
 94.8 31
 91.3 32.9
 90.8 32.9
 88.9 32.1
 87.4 31.6
 87 31.1
 84.5 26.7
 84.5 25.2
 84.7 24.5
 84.7 23.9
 84.8 23.8
 85 22.2
 88.9 19.9

 81.4 20.8
 81.4 21.1
 82.6 24.8
 82.6 25.7
 81.4 28.3
 81 28.6
 77.1 29.8
 76.5 29.7
 75 28.7
 74.9 28.8
 76.8 32.6
 76.8 33.3
 76.4 34.4
 75.8 36.8
 75.5 37.1
 70.9 39.3
 70 39.1
 69.5 38.8
 66.9 37.8
 65 34.1
 65 33.9
 64.4 32.7
 60.7 29.7
 60.8 25
 61.7 23.8
 64.6 20.3
 68 19.5
 69.2 19.5
 72.6 22.3
 72.9 22.2
 73.9 20.1
 77.7 18.9
 78.6 18.9
 80.9 20.3

 32.2 15
 34 16.3
 34.6 16.9
 35.1 18
 35.1 19
 34.5 19.9
 34 20.4
 32.9 20.5
 32.8 20.4
 31.6 20.3
 29.3 18.6
 28.7 17.3
 28.7 16.2
 29.7 14.9

 8.3 14.9
 10.8 17.6
 10.6 23.2
 7.9 25.7
 7.6 25.8
 5.8 25.8
 5.7 25.7
 2.5 25.6
 2.2 25.5
 1.2 24.5
 0.1 23.2
 0.1 17
 2.6 14.7

 47.9 10
 48.1 10
 50.1 9
 51.3 9
 55.3 10
 55.7 10
 57.8 12.5
 57.8 13.4
 57 16.9
 56.6 17.2
 56.4 17.2
 53.9 18.4
 53.1 18.4
 52.2 18.1
 51.8 18.1
 50.9 17.8
 50.5 17.8
 48.5 17.3
 46.5 14.8
 46.5 13.9
 47.1 11.7
 47.3 10.4

 43.6 8
 43.9 9
 43.9 10.1
 43.5 10.5
 41.4 11.9
 36.2 13.1
 35.3 13.1
 33.9 12.8
 33.3 12.8
 32.5 12.5
 32.1 10.9
 32.1 9.6
 34.5 7.9
 36.6 7.5
 37.1 7.3
 37.5 7.3
 38 7.1
 38.4 7.1
 39.3 6.8
 41 6.8
 41.7 7
 43.3 7.2
 43.6 7.6

 83.5 6.7
 83.4 6.8
 82.6 11.1
 82 11.6
 78.9 13.2
 78.4 13.2
 78.3 13.1
 74 12.3
 71.6 14.1
 70.7 14.6
 68.3 14.3
 68.2 14.2
 67.5 14.2
 67.2 14.1
 66.9 13.8
 64.7 10.7
 64.7 9.2
 65.1 7.6
 65.1 7.1
 65.3 6.6
 68.8 4.1
 70.2 4.1
 71.1 4.3
 71.4 3.4
 74.3 1.9
 74.5 1.7
 75.7 1.7
 75.8 1.8
 81 2.8
 83.5 5.8

 15.2 2.6
 15.7 2.5
 18.1 1.5
 19.2 1.5
 23 3.4
 23.4 3.9
 23.8 5.6
 26 7.2
 26.5 7.7
 26.5 8.8
 28.3 11.8
 28.4 13.2
 28.6 14
 28.6 15.2
 28.2 15.6
 26.4 16.6
 25.6 16.5
 23.4 14.9
 20.6 16
 20.1 16
 19.5 15.7
 17.4 14.1
 17.4 13.1
 17.2 12.9
 13.9 11.3
 13.7 11
 13.1 8.6
 12.9 8.2
 12.9 7
 15 2.8

