 14.2857 16.25
 85.7143 48.75

 3.5 37.4
 3.5 61.3
 3.6 61.4
 48.3 61.4
 48.4 61.3
 48.4 43.4
 51.5 43.4
 51.5 61.3
 51.6 61.4
 96.3 61.4
 96.4 61.3
 96.4 38.6
 96.3 38.5
 76.6 38.5
 76.5 38.6
 76.5 56.5
 73.4 56.5
 73.4 38.6
 73.3 38.5
 26.6 38.5
 26.5 38.6
 26.5 56.5
 23.4 56.5
 23.4 38.6
 23.3 38.5
 12.4 38.5
 12.4 35.4
 99.5 35.4
 99.5 64.5
 0.4 64.5
 0.4 37.4

 99.5 0.4
 99.5 27.5
 96.4 27.5
 96.4 3.6
 96.3 3.5
 51.6 3.5
 51.5 3.6
 51.5 21.5
 48.4 21.5
 48.4 3.6
 48.3 3.5
 3.6 3.5
 3.5 3.6
 3.5 26.3
 3.6 26.4
 23.3 26.4
 23.4 26.3
 23.4 8.4
 26.5 8.4
 26.5 26.3
 26.6 26.4
 73.3 26.4
 73.4 26.3
 73.4 8.4
 76.5 8.4
 76.5 26.3
 76.6 26.4
 87.5 26.4
 87.5 29.5
 0.4 29.5
 0.4 0.4

