 44.0324 24.9353
 16.2625 54.8713

 26.4 98.5
 28.2 98.5
 28.4 98.7
 28.4 99.4
 27.7 99.8
 26.5 99.9
 26.1 99.7
 26.1 98.7

 95.1 97.7
 95.7 98.2
 95.8 99.4
 95.4 99.9
 94.1 99.9
 93.5 99.5
 93.4 98.1
 93.7 97.7

 69.5 97.3
 69.5 98.4
 68.8 99.2
 67.6 99.2
 67.3 98.9
 67.4 97.5
 67.7 97.1
 68.1 96.9
 69 96.9

 87.2 98.2
 86.6 98.8
 86 99
 84.6 99
 84.3 98.8
 84.1 98.1
 83.9 98.6
 83.2 99.1
 82.6 99.1
 82 98.8
 82 97.5
 82.2 97
 82.5 96.8
 83.7 96.8
 84.2 97.4
 85 96.8
 86.5 96.7
 87.1 97.1
 87.2 97.4

 80.1 97.9
 79.5 98.3
 80.2 98.4
 80.4 98.6
 80.4 99.4
 80.2 99.6
 79.7 99.8
 78.7 99.8
 78.2 99.5
 78.1 99
 77.7 99.5
 77.2 99.7
 76.6 99.7
 76 99.4
 76 98.1
 76.7 97.3
 78 97.2
 78.4 97.6
 78.5 96.8
 78.8 96.6
 79.7 96.6
 80 96.9

 57.5 96.6
 58 97.2
 58.1 99.2
 57.7 99.5
 56.8 99.5
 56.4 98.9
 56.4 96.6

 55 97
 54.9 98.7
 54.2 99.2
 53.2 99.1
 53.1 99.9
 51.8 99.9
 51.9 98
 52.8 97.8
 52.9 96.9
 53.2 96.5
 54.6 96.5

 2.6 96.3
 3 96.6
 3 97.7
 3.5 98.5
 4.4 98.5
 4.9 98.8
 4.9 99.7
 4.7 99.9
 2.8 99.9
 2.6 99.6
 1.9 99.7
 1.4 99.4
 1.3 98.6
 1.1 98.4
 1.1 97.2
 1.7 96.3

 88.9 96
 90.2 96
 90.8 96.2
 91.2 96.7
 91.1 97.9
 90.3 98.4
 89.5 98.4
 88.9 98.2
 88.4 97.7
 88.4 96.8
 88.6 96.2

 67.2 95
 69.1 95
 69.5 95.3
 69.5 96.2
 69.1 96.5
 68.2 96.7
 67 96.5
 66.9 95.2

 83.1 94.5
 83.5 94.9
 83.6 95.9
 83.3 96.3
 82.5 96.4
 82 96.1
 81.9 94.7
 82.1 94.5

 87.7 94.3
 88.1 94.6
 88.1 95.7
 87.7 96.1
 86.8 96.2
 86.3 95.9
 86.3 94.8
 86.6 94.4

 90.9 93.9
 91.1 94.1
 91.2 95.5
 91 95.7
 90.4 95.8
 89.9 95.5
 89.8 94.1
 90 93.9

 41.3 94.3
 41.3 95.2
 40.4 95.9
 40.4 96.7
 39.3 97.3
 39.3 97.9
 39.1 98.2
 38.5 98.6
 37.7 98.6
 37.3 99.4
 35.9 99.4
 35.5 98.6
 35.6 96.9
 35.9 96.7
 36.8 96.7
 37.1 95.7
 37.3 95.5
 37.7 95.5
 38.1 95
 39.4 94.9
 39.7 94
 40.9 93.9

 20.5 93.7
 20.7 93.9
 20.7 94.7
 20.1 95.1
 19.3 95
 19.2 94
 19.4 93.8

 78 93.7
 78.2 93.5
 79.5 93.6
 80.4 94.5
 80.5 95.7
 79.7 96.3
 78.6 96.1
 77.7 95.2
 76.8 94.9
 76.8 93.8

 57 93.3
 57.5 94
 57.6 95.6
 57.2 96.3
 56.1 96.4
 55.8 96.3
 55.4 95.8
 55.3 93.9
 55.7 93.3

 53 96.3
 52.5 96.6
 51.8 96.7
 50.8 96.3
 50.4 96.5
 49.3 96.5
 49.2 97.8
 49 98
 48.2 98.1
 47.6 97.7
 47.1 97.8
 46.5 97.6
 46.5 98.9
 46.2 99.3
 44.8 99.5
 44.3 99.3
 44 99
 44 97.8
 44.4 97.5
 46.1 97.4
 45.6 97.1
 45.1 96.5
 44.1 96.9
 43.4 96.8
 43.2 96.6
 43.2 95.7
 43.7 95.3
 44.7 94.9
 45.9 94.9
 46.2 95.4
 46.5 95.5
 46.9 95.4
 47 94.9
 48 94.9
 48.3 95.2
 48.4 94.1
 48.9 93.6
 49.7 93.6
 50.1 93.1
 51.3 93.1
 51.6 93.5
 51.6 94.6
 52.5 94.8
 53.1 95.3

 31.1 92.5
 31.4 92.8
 31.4 93.7
 31.1 94.2
 30.4 94.3
 29.9 94
 29.9 93
 30.1 92.5

 58.8 92.1
 59.7 92.1
 60.5 92.4
 61.1 93.2
 61.7 93.5
 62 94.2
 62 94.7
 62.7 95.2
 62.9 96.1
 63.5 96.5
 63.6 95.7
 63.8 95.5
 65.2 95.5
 65.7 96.2
 65.7 97.2
 66.6 97.3
 66.9 97.6
 67 99.2
 66.5 99.5
 65.7 99.3
 65.5 97.4
 64.7 97.8
 65.2 98.1
 65.2 99.2
 64.8 99.6
 63.8 99.9
 62.7 99.7
 62.5 99.5
 62.5 98.4
 62 97.5
 62 96.9
 61.5 96.6
 61.2 95.8
 60.3 96.1
 59.7 95.9
 59.3 95.6
 59.2 95.2
 58.9 94.9
 58.1 94.5
 57.9 94.1
 57.9 93
 58.1 92.5

 82.9 91.9
 82.9 92.7
 82.5 93.1
 81.9 93.4
 81.3 93.4
 80.9 93.2
 80.9 92.2
 81.5 91.7
 82.7 91.7

 64.6 91.5
 66.5 91.5
 67.1 92.1
 67 93.5
 66.2 94
 64.7 93.9
 64.2 93.5
 64.2 91.8

 97.7 93.9
 97.3 94.3
 96.5 94.4
 95.5 93.8
 94.9 94.6
 94.3 94.9
 93.8 94.9
 93.4 94.7
 93 94.9
 92.4 94.9
 91.7 94.7
 91.4 94.2
 91.4 93.1
 91.7 92.4
 92 92.2
 93.1 92.2
 93.7 92.5
 94 92.2
 95 92.2
 95.1 91.5
 95.3 91.2
 96.6 91.2
 97 91.8
 97 92.3
 97.6 92.8
 97.7 93.1

 39.9 91.3
 40.5 91.1
 41.9 91.1
 42.3 91.5
 42.4 92.5
 41.7 93.2
 40.8 93.5
 40.2 93.5
 39.5 93.1
 39.4 91.8

 27.1 91.6
 27.2 92.1
 27.7 92.7
 27.7 93.5
 27.3 93.8
 27.3 94.3
 27 94.6
 26.3 94.9
 26.3 95.4
 25.6 96
 25.6 96.9
 24.8 97.8
 23.9 98.1
 23.5 98
 23.2 98.7
 22.9 99
 22.1 99.2
 21.6 99
 21.4 98.8
 21.4 97.6
 20.8 97
 20.8 96.1
 21 95.9
 22 95.9
 22.4 96.3
 22.4 96.9
 22.7 97
 22.9 96
 23.6 95.3
 23.3 94.7
 22.3 94.6
 21.7 94.1
 21.6 92.6
 22 92.2
 23.1 92.2
 23.6 91.3
 23.9 91.1
 25.1 91.1
 25.4 91.3
 26.7 91.2

 78.2 91.1
 79.8 91
 80.3 91.4
 80.3 92.6
 79.9 93
 79.2 93.2
 78.3 93.1
 77.9 92.8
 77.8 92.5
 77.8 91.5

 2.4 91.2
 2.9 91
 4.3 91
 4.6 91.3
 4.6 92
 4.2 92.3
 4.3 92.4
 6.4 92.7
 7.4 93.6
 7.6 94.4
 8.5 94.4
 8.8 94.9
 10.3 94.8
 10.8 95.4
 10.8 96.6
 11 97
 11.7 97.1
 12.1 97.4
 12.6 96.5
 13.3 96.2
 13.3 95.5
 13.7 94.9
 15.1 94.8
 15.6 95.2
 15.6 96.3
 15.8 96.5
 16.1 96.5
 16.5 96.2
 17.6 96.2
 18.1 96.6
 18.4 97.6
 19.1 97.6
 19.6 98
 19.6 99.3
 19.3 99.9
 17.2 99.9
 17.1 98.7
 16.8 98.5
 16.4 99
 15.7 99.4
 14.4 99.1
 13.7 99.4
 13.2 99.4
 12.3 99
 12.1 98.4
 11.6 98.6
 10.6 98.6
 9.2 98.3
 8.5 97.6
 8.4 97.3
 8.4 95.6
 7.5 96.1
 6.8 96
 6.6 95
 5.8 94.8
 5.3 94.4
 4.3 94.2
 3.5 93.6
 3.4 92.6
 0.2 92.6
 0.1 91.2

 75.1 92.2
 74.4 92.7
 73.4 92.5
 72.9 92.9
 72.2 93
 71.5 92.6
 71 92.8
 70.7 93.2
 69.9 93.3
 69.6 93.2
 69.2 92.7
 69.2 91.4
 69.4 91.2
 70.1 91.2
 70.5 90.9
 71.3 90.9
 71.6 90.6
 72.8 90.6
 73.3 91
 73.8 90.4
 74.8 90.4
 75.2 90.7

 91.5 89.9
 92 90.4
 92 91.4
 91.4 91.8
 90.6 91.8
 90 91.5
 89.7 91.2
 89.8 89.9

 16.3 90.1
 16.3 90.9
 16.7 91.5
 16.7 92.2
 16.4 93.1
 15.9 93.4
 13 93.4
 12.7 93.1
 12.7 92
 13.1 91.7
 14.8 91.6
 15 91.2
 14.9 90
 15.1 89.8
 16 89.8

 20.1 89
 21 89
 21.7 89.4
 22.1 90.1
 22.1 91
 21.8 91.6
 21.1 91.9
 20.4 91.9
 19.7 91.5
 19.4 91
 19.4 89.5

 99.9 90.1
 99.5 90.3
 98.3 90.5
 97.9 90.3
 97.1 90.9
 96.6 90.9
 96.1 90.6
 96.1 89.4
 96.5 89
 97.5 89
 98 89.3
 99 88.9
 99.9 88.9

 42.8 88.9
 43.1 88.8
 44.1 88.8
 44.7 89.4
 45 89.2
 46.3 89.3
 46.6 89.7
 46.6 90.4
 47 90.6
 47.8 91.4
 47.9 92.7
 47.3 93.2
 46.4 93.3
 45.9 93.1
 45.4 92.6
 43.8 92.6
 43.3 92.4
 43.2 91.4
 42.7 91.2
 42.3 90.8
 42.3 89.5

 51.1 88.4
 52.2 88.4
 52.7 89
 53.8 89
 54.7 89.3
 54.9 89.5
 54.9 90.3
 54.5 90.6
 55.3 91.4
 55.3 92.3
 54.8 92.6
 54.2 92.6
 53.5 92.2
 53.1 91.7
 53.2 90.5
 52.3 90
 51.9 90.2
 51 90.1
 50.8 89.8
 50.8 88.6

 24 87.8
 24.5 88.2
 24.5 89.5
 24.1 90
 23.4 90.1
 22.6 89.6
 22.7 88.1
 23 87.8

 81.4 87.5
 82.9 87.6
 83.7 88.7
 84.4 88.9
 84.8 89.3
 84.8 90.2
 84.3 90.5
 83.5 90.5
 82.8 90.2
 82 90.2
 81.5 90
 80.9 89.3
 80.9 87.9

 68.3 87.4
 69.3 87.4
 69.7 87.7
 70.1 87.7
 70.7 88.4
 70.7 89.2
 70.1 89.6
 68 89.6
 68 87.8

 78.1 87.3
 76.8 88.6
 75.9 88.8
 75.4 88.5
 75.4 87.5
 76.5 86.4
 77.8 86.3
 78.1 86.6

 53.8 86.2
 54.3 86.7
 54.3 87.7
 54 88
 53.2 88.1
 52.6 87.7
 52.5 86.4
 52.7 86.2

 20.1 86.1
 21.1 86.1
 21.8 86.3
 22.3 86.8
 22.2 88
 22 88.2
 21.3 88.4
 19.9 88.1
 19.6 87.8
 19.6 86.4

 98.1 86
 99.1 86
 99.6 86.2
 99.9 86.5
 99.9 87.5
 99.4 87.8
 98.6 87.8
 98 87.6
 97.7 87.3
 97.8 86.2

 29 86
 30.3 86
 31 86.5
 31.1 87.7
 30.9 88.2
 30.4 88.6
 30.6 88.8
 31.1 88.5
 32.5 88.6
 32.8 88.2
 33.9 88.2
 34.2 88.7
 35.1 88.8
 35.2 88
 35.5 87.7
 36.8 87.7
 37.5 88.4
 37.6 89.3
 38 89.1
 39.3 89.1
 39.5 89.3
 39.5 90
 39.2 90.3
 38.4 90.6
 37.8 90.6
 37.4 90.4
 37.3 89.5
 36.9 89.9
 36.8 90.7
 36 91.4
 36 91.7
 35.6 92.1
 35.2 92.3
 35.3 92.6
 35.7 92.6
 35.8 92.3
 36.3 91.9
 37.8 92
 38.4 92.8
 38.5 94.4
 37.9 94.8
 37.1 94.8
 36.4 94.5
 35.9 95
 35.2 95.1
 34.8 95.5
 34.8 96.1
 34.6 96.3
 34.2 96.4
 33.6 97
 33.1 97.2
 32.2 97.2
 31.7 97
 31.4 96.7
 31.3 95.9
 30.7 96.3
 30.6 97
 29.8 97.8
 29.3 98
 28.7 98
 27.9 97.5
 27.9 96.3
 28.7 95.2
 29.7 95.1
 30 94.5
 30.9 94.5
 31.3 94.9
 31.4 95.3
 32 94.8
 32.7 94.7
 32.9 94
 33.6 93.6
 32.9 93.4
 32.3 92.7
 32.2 91.2
 31.3 91.4
 30.6 91.2
 30.1 90.4
 30 89.9
 28.8 89.7
 27.6 89.1
 27.6 88.2
 27.8 88
 28.4 87.9
 28.4 86.8
 28.6 86.3

 73.4 85.5
 74.1 86.2
 74 87.6
 73.3 88.1
 72.8 88.8
 72 88.9
 71.6 88.7
 71.6 88
 71 87.4
 71.1 85.8
 71.7 85.4

 33.8 85.2
 34.1 85.5
 34.1 87.1
 33.5 87.5
 32.8 87.4
 32.2 87
 32.2 85.8
 32.6 85.3
 32.9 85.2

 48.2 84.2
 48.6 84.6
 48.7 85.5
 48.5 85.7
 47.8 85.8
 47.1 85.3
 47.2 84.2

 20.8 85.2
 20.6 85.4
 18.8 86
 18.1 85.8
 18.1 84.8
 18.3 84.6
 19.3 84.2
 20.6 84.2
 20.8 84.4

 66.7 84
 67.9 84
 68.1 84.2
 68.1 85.1
 67.8 85.4
 67.2 85.6
 66.2 85.5
 66.1 84.3

 22.8 84
 23.8 84.9
 26 85.2
 26.8 86.1
 26.8 87.4
 25.8 88.1
 24.6 87.9
 24 87.2
 24 86.7
 23 85.9
 22.5 85.8
 21.8 85.2
 21.7 84.1

 88.3 84.2
 88.7 83.7
 89.9 83.7
 90.2 84.3
 90.2 85.1
 89.9 86
 91.6 86.1
 92.3 86.3
 92.7 86.7
 92.7 87.6
 92.2 87.9
 91.2 87.9
 90.8 88.4
 90.3 88.6
 89.7 88.6
 89.2 88.4
 89 88
 89 87
 89.2 86.6
 87.9 86
 87.1 85.3
 87 84.2

 77 83.3
 77.4 83.6
 77.4 84.8
 76.9 85.4
 76.1 85.5
 75.5 85.2
 75.4 84
 75.5 83.6
 75.8 83.3

 28.5 83
 28.8 83.3
 29.9 83.3
 30.1 83.5
 30.1 84.3
 29.2 84.9
 29 85.6
 28.7 85.9
 27.3 85.9
 27 85.6
 26.8 85
 26.8 83.4
 27 83.1

 36.2 82.9
 36.5 83.2
 36.6 83.9
 37.4 84
 37.9 84.6
 37.8 86.2
 37.2 86.8
 35.8 86.8
 35.5 86.7
 35.2 86.3
 35.2 84.6
 34.9 84.3
 34.9 83.1
 35.1 82.9

 98.2 82.4
 99.8 82.5
 99.9 83.7
 99.3 84
 98.5 84
 98 83.8
 97.9 82.6

 51.3 81.9
 51.6 82.3
 51.7 82.8
 52.8 82.8
 53.3 83.3
 53.2 84.4
 52.5 85.1
 51.9 85.3
 51.2 85.3
 51.5 85.8
 51.5 86.7
 50.7 87.2
 49.7 87
 49.1 86.2
 49.1 85
 49.4 84.7
 50.8 84.7
 50.8 83.6
 50 83.4
 49.8 83.2
 49.8 82.1
 50 81.9

 32.2 80.8
 32.9 81.4
 33 82.6
 32.6 83
 31.8 83.2
 31 82.7
 30.9 81.5
 31 81.1
 31.3 80.8

 96.3 81.5
 96.1 81.7
 96.1 82
 95.4 82.6
 93.9 82.8
 93.5 82.6
 93.4 81.5
 94.6 80.5
 95.9 80.4
 96.3 80.8

 54.5 80.2
 55.4 80.2
 55.6 80.4
 55.6 81.5
 55.2 82.5
 56 82.6
 56.2 82.8
 56.3 85.2
 57.1 85.1
 57.1 83.7
 57.5 83.4
 59.1 83.3
 59.4 83.6
 59.4 83.8
 59.9 84.2
 59.9 85
 60.5 85.1
 60.5 83.8
 60.9 83.4
 61.7 83.2
 62.7 83.2
 63.3 83.5
 63.4 84.2
 63.9 84.2
 64.3 84.6
 64.2 85.7
 63.7 86
 63 86
 62.4 85.6
 62.3 85.2
 61.3 85.3
 60.8 85.1
 60.7 85.2
 60.9 85.4
 60.9 86.2
 60.4 86.7
 59 87.3
 58.5 87.3
 58.1 87.1
 58 86
 57.7 85.8
 57.6 86.9
 57.2 87.3
 57.2 88
 56.7 88.3
 55.6 88.2
 55.4 88
 55.4 87.4
 55.1 87.1
 55.2 85.7
 54.6 85.3
 54.6 83.3
 53.8 83
 53.8 81.9
 54.3 80.4

 23.8 80.8
 23 81.3
 21.9 81.7
 21.3 81.7
 20.9 81.5
 20.9 80.6
 22.4 79.9
 23.6 79.9
 23.8 80.1

 14.3 79.4
 14.6 79.7
 14.8 80.7
 16 80.8
 16.8 81.9
 16.7 83.1
 16.4 83.4
 15.8 83.6
 16.5 83.7
 16.7 83.9
 16.7 85
 16.5 85.2
 15.3 85.6
 14.8 85.6
 14.1 85.3
 14.1 84.6
 13.5 84.2
 13.5 83.3
 13.8 82.7
 13.2 81.5
 13.3 79.4

 3.8 79.2
 4.7 80.1
 4.7 81
 5 81.3
 4.9 82.4
 5.3 83.1
 5.2 84.4
 6.2 84.7
 7.2 85.5
 7.2 86.4
 6.7 86.7
 6.2 86.7
 5.9 87.6
 5.3 88
 4.5 87.8
 4.5 86.8
 4.9 86.2
 4.6 85.8
 4.1 86
 3.4 86
 2.8 85.6
 2.8 84.1
 3.2 83.7
 3 83.4
 3 83
 1.8 82.7
 1.2 82.1
 1.2 80.5
 1.7 80.2
 2.1 80.2
 2.2 79.5
 2.6 79.2

 31.2 77.4
 33 77.5
 33.3 77.8
 33.3 79
 32.5 79.5
 31.1 79.4
 30.8 79.1
 30.8 77.7

 62.6 79.2
 62 80
 61.2 80.1
 60.9 80
 60.6 79.6
 60.1 80
 59.4 80.1
 58.7 79.7
 58.6 78.2
 58.8 77.9
 60 77.8
 60.6 78.3
 60.8 77.6
 61.2 77.1
 62.4 77.1
 62.7 77.4

 57.2 76.8
 57.6 77.2
 58.2 78.4
 58.2 79.1
 58 79.3
 57.2 79.4
 56.6 79
 56 77.8
 56.1 76.8

 47.1 76.7
 48.4 76.7
 48.7 77
 48.7 77.9
 48.1 78.3
 47.1 78.2
 46.9 78
 46.9 76.9

 30.2 77.8
 30.1 78.9
 29.7 79.4
 28.7 80
 28 79.9
 27.6 79.6
 27.5 79.7
 27.6 80.2
 28.4 80.4
 28.8 80.8
 28.8 81.9
 28.2 82.5
 27.1 82.5
 26.5 82.1
 26.4 80.8
 25.8 80.6
 25.6 80.3
 25.6 78.9
 25.9 78.5
 27 78.4
 27 77.6
 27.4 77
 28 76.7
 29.5 76.8

 15.8 76.7
 16.5 77.5
 16.5 78.5
 16.2 78.8
 15.3 78.8
 14.7 78.3
 14.5 77.8
 14.5 76.9
 14.7 76.7

 54.5 76.1
 54.9 76.5
 55 77.6
 54.6 78.1
 55.7 78.3
 56 78.6
 56 79.3
 55.8 79.5
 54 79.6
 53.4 79.3
 53.4 78.4
 53.6 78.2
 53.1 77.5
 53.1 76.4
 53.3 76.1

 52.9 79.6
 52.5 80.1
 51.2 80.1
 50 80.3
 49.5 80
 49.2 80.5
 48.9 80.6
 49.3 81.1
 49.3 82
 48.7 82.4
 48 82.4
 47.1 82.1
 46.7 81.7
 46.6 80.8
 46.1 81.1
 45 81
 44.7 80.6
 44.6 79.9
 44.3 80.2
 43.9 80.3
 43.8 82.8
 42.6 84.1
 41.4 84.4
 41.5 85.4
 41.1 86.4
 40.6 86.9
 39.9 87
 39.3 86.7
 39.2 85.3
 39.5 84.5
 40 83.9
 40.6 83.8
 40.3 83.4
 40 82.4
 39.1 82.5
 37.9 81.8
 37.8 80.2
 38.3 79.5
 39.8 79.4
 40.2 79.6
 40.6 78.6
 41 78.2
 41.9 78.2
 42.2 78.4
 42.5 77.6
 43.8 77.5
 43.8 75.4
 44.9 75.4
 45.2 75.7
 45.3 77.2
 44.7 77.6
 44 77.6
 44.5 78.1
 44.8 79.3
 45.3 78.9
 46.7 78.9
 47.1 79.3
 49 79.3
 49.2 77.5
 50.4 77.5
 51 78.5
 51.2 78.3
 52.4 78.3
 52.9 78.7

 77 78.2
 76.3 78.6
 75.5 78.6
 75.5 79.9
 74.7 80.5
 73.6 80.4
 73.1 79.8
 72.4 80.1
 71.8 80.1
 71.4 79.9
 71.3 80.7
 70.5 81.2
 68.7 81.4
 68.1 81.1
 67.7 80.6
 67.6 81.1
 67.3 81.4
 66.3 81.6
 65.6 81.2
 65.1 80
 64.3 79.9
 64.1 79.5
 64.1 77.5
 64.3 77.1
 64.6 77
 64.6 76
 65.5 75.4
 66.7 75.4
 67 75.7
 67 76.5
 66.5 77
 65.9 77.2
 65.7 77.5
 65.9 78.6
 66.7 78.6
 67.2 79
 67.5 78.2
 70 78.3
 70.6 78.9
 70.7 79.2
 70.8 77.8
 71.5 77.3
 72.7 77.3
 72.7 76.9
 73 76.3
 72.8 76.1
 72.8 75.2
 73.4 74.8
 74.6 74.8
 75 75.2
 75 76
 75.4 76.3
 75.6 76.7
 76.7 76.7
 77.1 77.1

 97.4 75.5
 97.3 77.3
 96.9 77.7
 96.9 78.4
 96.6 78.9
 96.1 79.3
 95.4 79.4
 94.9 79.2
 94.6 78.7
 94.6 77.8
 94.8 77.5
 94.5 77.2
 94.5 76.3
 94.7 76.1
 95.3 76
 95.4 74.8
 96.5 74.7

 94.6 74.9
 94.6 75.6
 94.1 76.1
 93.2 76.5
 92.4 76.3
 92.3 75.2
 92.7 74.8
 93.1 74.6
 94.3 74.6

 99.9 76
 98.8 76
 98.8 74.8
 99.4 74.5
 99.9 74.5

 40.5 74.6
 40.5 76.4
 39.8 77.2
 40 77.4
 40 78.2
 39.5 78.5
 37.5 78.5
 37 78.3
 36.7 77.9
 36.7 76.9
 36.9 76.5
 37.8 76.2
 37.9 75.2
 39 74.2
 40.1 74.2

 91 74.1
 91.9 74.8
 92 76.1
 91.2 77.1
 90.6 77.3
 89.9 77.3
 88.9 76.6
 88.8 75
 89.4 74.2

 15.6 74
 18.7 74
 19.1 74.4
 19.2 74.9
 19.5 75.2
 19.5 76.4
 18.7 76.9
 17.6 76.8
 16.7 75.6
 15.9 75.6
 15.3 75.3
 15.3 74.2

 42.8 72.8
 43 73
 43 73.5
 43.2 73.7
 43.2 74.6
 42.9 74.9
 42 74.9
 41.2 74.2
 41.1 73.1
 41.3 72.9

 9.8 72.8
 10.1 73.2
 10.2 74
 10.7 73.6
 11.3 73.6
 11.4 73.3
 11.7 73.1
 12.6 73.1
 12.9 73.4
 13.1 74.4
 13.1 75.2
 12.9 75.8
 12.6 76.1
 11.9 76.4
 10.5 76.1
 10.1 75.6
 10.2 74.2
 10.1 74.1
 9.5 74.5
 8.6 74.4
 8.5 72.9

 87.9 73
 87.9 73.9
 87.7 74.1
 87.9 74.5
 87.9 75.6
 87.4 76.4
 86.4 76.7
 86.3 78.3
 86 78.6
 84.1 78.6
 84.2 79.6
 83.7 80.2
 83.8 80.5
 85.2 80.6
 85.8 81.2
 85.7 82.5
 86.1 82.8
 86.4 83.3
 86.4 84.9
 86.2 85.3
 85.6 85.7
 84.7 85.7
 84.1 85.3
 83.4 85.8
 82.4 86.1
 81.3 86
 81.2 84.7
 81.8 84.2
 81.7 83.7
 81.3 83.5
 80.2 83.8
 80.7 84.4
 80.7 85.5
 80.2 86
 79.5 86.1
 78.9 85.9
 78.3 85.2
 78.3 83.8
 78.7 83.5
 79.6 83.4
 79.2 83
 79.3 81.8
 79.6 81.5
 81.4 81.5
 81.4 80.7
 81.7 80.3
 81.5 80
 81.5 79.1
 81.7 78.7
 82.4 78.2
 83.7 78.1
 83.7 77.1
 84.2 76.9
 84 76.5
 84 75.5
 84.2 75.3
 84.9 75.2
 84.9 74.6
 85.2 73.9
 85.8 73.6
 86.4 73.6
 86.5 72.9
 86.7 72.7
 87.6 72.7

 34.9 72.7
 35.3 73.1
 35.5 73.5
 35.5 75.2
 35.2 75.7
 34.1 75.9
 33.6 75.6
 33.3 74.5
 33.3 73.3
 33.6 72.8

 29.4 74.8
 29.1 75.2
 28 75.3
 27.6 75.1
 27.1 75.2
 26.6 75
 26.4 75.4
 25.6 76.1
 24.6 76.3
 24 75.9
 24 74.9
 24.2 74.5
 25 73.9
 26.2 73.9
 26.4 74.1
 26.5 73.4
 27.1 72.5
 28.1 72.5
 28.4 72.8
 28.4 73.2
 29.4 73.9

 83.7 72.7
 83.6 74.1
 83.2 74.6
 82.1 74.8
 82.3 75.1
 82.3 76
 82 76.4
 81.4 76.7
 80.4 76.6
 80.1 76.3
 80.2 75
 80.7 74.6
 81.7 74.6
 81.8 74.3
 81.6 73.8
 80.9 74
 80.3 73.7
 80.3 72.6
 81.5 72.5
 81.7 72.7
 82.1 72.1
 83.3 72.1

 16 71.6
 17 72
 17.3 72.3
 17.3 73.2
 16.8 73.5
 16.4 73.5
 14.5 72.9
 14.3 72.7
 14.3 71.7

 2.8 71.5
 3.5 71.7
 3.8 72
 3.9 73.3
 3.6 73.9
 2.9 74.2
 2.4 74.2
 1.6 73.9
 1.3 73.6
 1.2 72.5
 1.4 71.9
 1.7 71.6

 98.2 71.2
 99.5 71.2
 99.9 71.6
 99.9 73.1
 99.6 73.4
 98.9 73.7
 97.9 73.5
 97.5 72.9
 97.5 71.8
 97.8 71.4

 22.6 71.1
 23.1 71.5
 23.3 71.9
 24.4 71.8
 24.8 72.3
 24.8 73.2
 24.3 73.5
 23.9 73.5
 23.2 73
 23.1 72.6
 22.6 72.9
 21.6 72.8
 21.2 72.4
 21.3 71.2

 94.9 72.8
 94.5 73.2
 92.9 73.2
 92.4 73.9
 91.6 74
 91.2 73.8
 91.1 72.6
 91.2 72.1
 91.5 71.7
 92.5 71.7
 93 71
 94.4 71
 94.9 71.5

 67.1 71
 67.6 71.6
 67.6 71.8
 68.2 72.3
 68.2 73
 69.1 73.9
 69.4 74.5
 69.4 75.2
 69 75.6
 68 75.6
 67.1 74.7
 66.8 73.9
 65.7 73.7
 65.3 73.4
 65.2 71.5
 65.6 71.1

 72.4 71.9
 72 72.4
 71.1 72.9
 70.3 72.7
 70.3 71.7
 70.9 71.1
 71.3 70.9
 72.2 70.9
 72.4 71.1

 56 70.7
 56.8 71.3
 56.7 72.8
 56.2 73.3
 55 73.4
 54.4 73
 54.3 71.4
 54.8 70.7

 8.5 70.9
 8.5 71.9
 8.2 72.2
 8.1 73.4
 7.4 74.6
 6.4 74.6
 6.3 73.5
 6.8 72.5
 6.4 72.3
 6.2 72
 6.2 71
 6.6 70.6
 8 70.5

 19.8 69.9
 20.2 70.3
 20.2 71.6
 19.9 72
 18.9 72.1
 18.3 71.7
 18.3 70.2
 18.5 69.9

 12.7 69.9
 13.6 70.6
 13.7 71.7
 13.3 72.2
 12.1 72.3
 11 71.6
 10.9 70.2
 11.2 69.8

 65.3 69.5
 65.6 69.8
 65.6 70.8
 65.3 71.1
 64.3 71.2
 63.9 71
 63.9 69.7
 64.1 69.5

 79.6 69.3
 80.9 69.3
 81.4 69.8
 81.3 70.8
 80.8 71.3
 80.3 71.5
 79.4 71.4
 79 71
 79 70
 79.2 69.6

 46.7 69.3
 47 69.6
 47.2 70.2
 48.1 70.2
 48.4 70.6
 48.6 70.4
 49.7 70.4
 50 70.7
 50 71.6
 49.5 71.9
 48.9 71.9
 48.5 71.7
 48.4 72.5
 47.9 73.2
 47.2 73.3
 46.7 73.1
 46.4 72.6
 46.4 71.7
 46 71.5
 45.8 71.2
 45.7 69.4

 84.1 68.9
 84.5 69.2
 84.6 70.4
 84.3 70.8
 83.3 71
 82.7 70.6
 82.6 69.3
 82.8 69

 51.4 68.8
 51.9 69.4
 52.1 69.9
 52.2 72
 52 72.2
 50.9 72.3
 50.3 72
 50.3 68.8

 35.2 68.4
 37.6 68.5
 37.9 68.8
 37.9 69.8
 37.5 70.1
 36.9 70.2
 36.6 70.1
 36.3 69.7
 35.8 70.2
 35 70.3
 34.5 70
 34.5 69.1

 29.9 68.5
 29.9 70.3
 29.5 70.8
 29 71
 29 71.3
 28.6 71.7
 27.8 72
 27.2 71.9
 27 71.7
 27 70.4
 27.8 69.9
 27.8 68.4
 28 68
 29.5 68

 89.4 68.1
 89.4 68.8
 88.4 70.6
 87.8 71
 86.9 70.9
 86.7 70.7
 86.8 69
 87.4 68.9
 88.2 67.8
 89.1 67.8

 93.8 67.8
 94.1 68.2
 94 69.4
 93.3 69.8
 92.7 69.8
 92.2 69.6
 91.9 69.2
 91.9 68.2
 92.1 67.8

 4 67.1
 5.3 67.1
 5.7 67.3
 6.4 68
 6.4 68.8
 5.8 69.2
 5.2 69.2
 4.3 68.8
 3.8 68.3
 3.8 67.3

 27.3 66.9
 27.6 67.2
 27.6 68.2
 27.2 68.7
 26.3 68.8
 25.7 68.4
 25.7 67.3
 26.1 66.9

 57.2 68.4
 56.8 68.9
 55.6 68.9
 55.5 69.4
 54.9 69.8
 54.3 69.8
 53.9 69.6
 53.8 68.2
 54 68
 54.7 67.9
 54.7 67.3
 55.1 66.8
 56.4 66.8
 57.1 67.3

 77 66.5
 77.2 66.7
 77.3 67.2
 78.2 67.2
 78.8 67.7
 78.8 69.2
 78.4 69.6
 77.5 69.9
 78.1 70.7
 78.1 71.7
 77.5 72.5
 78.4 72.6
 79.2 73.4
 79.2 74.3
 79.7 74.4
 79.9 74.6
 79.9 75.4
 79.4 75.9
 78.7 76
 78.3 75.8
 78.2 75.3
 77.8 75.4
 76.9 75.1
 76.6 74.7
 76.7 73
 75.5 72.8
 75 72.2
 75 71.9
 74.4 71.5
 74.2 71
 73.7 70.8
 73.2 70.2
 73.2 69.2
 73.4 69
 74.6 69
 74.9 69.3
 75.1 69.1
 76.2 69
 76.2 68.1
 75.3 67.8
 75.3 66.7
 75.5 66.5

 96.5 66.4
 97.1 67
 97.2 67.5
 97.7 67.8
 97.8 68.9
 97.6 69.6
 97.2 70.1
 96 70.1
 95.8 69.8
 95.8 69.3
 94.9 69
 94.4 68.3
 94.5 66.9
 95 66.5

 34.1 66.5
 34.4 66.9
 34.8 66.9
 35.2 67.2
 35.2 68.1
 34.4 68.5
 33.5 68.5
 33.4 68.7
 33.6 69
 33.6 69.8
 33.1 70.1
 32.4 70
 31.2 68.8
 31.2 67.8
 32 67.6
 32 67.1
 32.4 66.6
 32.8 66.4
 33.8 66.4

 48.2 66.8
 48.2 67.7
 47.8 68.5
 47.1 69
 46.3 68.8
 46.2 67.7
 46.7 66.8
 46.7 66.4
 47.8 66.3

 1.1 66.2
 1.4 66.5
 1.4 67.3
 1.1 67.6
 0.1 67.7
 0.1 66.2

 8.7 66.1
 9.4 66.7
 9.5 67.8
 8.9 68.4
 8 68.5
 7.5 68.3
 7.1 67.9
 7 66.6
 7.4 66.1

 64.9 66
 67.5 66
 67.7 66.2
 67.7 67
 67.1 67.4
 65 67.4
 64.6 67.2
 64.6 66.2

 52 65.2
 52.3 65.6
 52.3 67.3
 51.7 68
 50.6 68
 50.3 67.9
 50 67.5
 50 66
 50.1 65.6
 50.5 65.2

 42.4 64.7
 43.6 64.7
 44 64.8
 44.6 65.5
 44.5 66.9
 44.8 67.3
 44.8 68.1
 44.6 68.3
 43.4 68.3
 42.9 67.7
 42.2 67.5
 41.8 67.2
 41.6 66.8
 41.6 65.9
 41.8 65.1

 84.4 64.4
 84.7 64.7
 84.7 65.6
 84.4 65.9
 83.7 66
 83.2 65.7
 83.2 64.6
 83.4 64.4

 97.4 64.1
 98.7 64.1
 99.2 64.3
 99.7 64.8
 99.6 65.7
 98.8 66.1
 97.6 65.8
 97.2 65.4
 97.2 64.3

 95.4 63.2
 95.9 63.7
 95.9 64.9
 95.7 65.3
 95.2 65.7
 94.2 65.8
 93.7 65.6
 93.4 65.2
 93.4 63.9
 93.6 63.5
 94.1 63.1

 89.6 63.6
 89.6 64.5
 89.2 64.9
 87.9 64.9
 87.8 65
 88 65.2
 88 65.9
 87.6 66.3
 87 66.4
 86.3 66
 86.3 65.1
 86.6 64.8
 87.4 64.7
 87.1 64.5
 87.2 63.1
 88.8 63.1
 89.3 63.3

 13.5 62.2
 14 62.6
 14.4 62.2
 15.5 62.2
 16.4 63
 16.5 63.8
 17.5 63.8
 18.2 64.5
 18.2 65.3
 17.8 65.7
 18.2 65.8
 18.5 66.1
 18.5 66.9
 18.2 67.2
 17.5 67.3
 17.2 67.7
 16.5 67.9
 16.7 68.3
 16.7 70.7
 16.3 71.3
 14.9 71.3
 14.5 70.9
 14.4 70.5
 14.4 69.2
 14.6 68.8
 15 68.7
 15.1 67.8
 16.1 67.6
 16 66.3
 16.4 65.3
 16.2 65
 16.1 64.3
 15.7 64.5
 15 64.4
 14.8 65.2
 14.2 65.7
 14.5 66
 14.5 66.8
 14.3 67
 14.4 68
 14.2 68.2
 13.3 68.3
 12.2 67.8
 11.9 67.5
 11.1 67.3
 11.1 66.3
 11.9 65
 12.5 64.9
 12.1 64
 12.1 62.5
 12.3 62.3

 9.6 62.2
 11.6 62.2
 11.8 62.4
 11.8 63.4
 10.9 63.9
 9.5 63.8
 9.2 63.6
 9.2 62.5

 32.2 62.4
 32.5 61.8
 33 61.3
 34.6 61.3
 35.4 61.9
 35.5 62.8
 35.2 63.1
 34.3 63.2
 33.6 64
 32.8 64.1
 32.2 63.8

 37.9 61.2
 38.1 61.4
 38.1 62.9
 37.9 63.7
 37.3 64.1
 36.8 64
 36.8 64.4
 38.4 64.5
 38.6 64.7
 40 64.7
 40.1 64.6
 39.5 63.9
 39.5 62.7
 39.9 62.3
 41.1 62.4
 41.9 63.2
 42 64.3
 41.5 64.8
 40.9 64.9
 40.2 64.6
 40 64.7
 40.4 65.1
 40.4 65.6
 40.9 65.8
 41.3 66.4
 41.3 67.1
 41.1 67.7
 40.8 68
 40.3 68.2
 39.7 68.2
 38.9 67.9
 38.4 67
 37.1 67.1
 36.4 66.9
 35.9 66.4
 35.8 65.9
 35.2 65.8
 35 65.6
 35.1 64.1
 35.4 63.8
 36.5 63.8
 36.5 62.5
 36.9 61.2

 57.7 61.6
 57.1 62.2
 56 62.7
 55.4 62.7
 54.9 62.4
 54.9 61.3
 55.6 60.7
 56.3 60.4
 57.4 60.4
 57.7 60.7

 4.1 60.1
 4.4 60.4
 4.4 61.1
 3.8 61.9
 4.1 63
 5.3 63.1
 5.6 63.5
 5.6 63.9
 6.4 64.6
 6.3 66
 5.9 66.4
 4.4 66.4
 4 66
 4 65.1
 3 64.9
 2.9 64.3
 2.5 64
 2.2 63.4
 2.1 61.2
 2.4 60.7
 3.1 60.1

 20.1 59.9
 20.5 60.4
 21.2 60.4
 21.7 60.9
 21.9 61.4
 22 60.7
 22.2 60.5
 23.2 60.5
 23.8 61
 23.9 61.3
 25.1 61.4
 25.8 62.2
 25.8 62.6
 26.2 62.9
 26.2 63.7
 25.8 64.1
 25.2 64.4
 24.2 64.3
 23.9 63.9
 23.7 63.9
 23.1 63.2
 23.1 62.2
 22.3 62
 22 61.7
 21.8 62.8
 20.8 63.3
 20.9 64
 22.2 64
 22.5 64.3
 22.6 65.3
 22.1 65.8
 21.5 66
 22.6 66.1
 23.2 66.5
 23.4 67.1
 23.4 67.8
 23.2 68.1
 23.4 68.4
 23.4 69.3
 23.1 69.6
 21.9 69.6
 21.7 69.4
 21.6 68.6
 21 68.3
 20.2 68.4
 19.6 68
 19.6 66.5
 21 66.4
 21.3 66.2
 20.3 65.9
 20.1 65.6
 20.1 64.8
 19.3 64.5
 19.3 63.2
 19.8 62.9
 19.5 62.1
 18.8 61.6
 18.8 60.2
 19 59.9

 96 59.2
 96.5 59.7
 96.6 61.2
 96.3 61.7
 95.1 61.9
 94.4 61.4
 94.2 60.7
 94.2 59.8
 94.5 59.3

 27.2 59
 28.1 59
 29.1 59.4
 29.6 59.9
 30.4 59.9
 30.7 60.2
 30.7 61
 30.4 61.3
 29.6 61.4
 29.3 61.3
 29.1 61
 28.1 60.9
 27 60.2
 27 59.2

 6.6 59
 6.8 59.2
 6.9 60.8
 6.7 61
 5.9 61.2
 5.5 61
 5.5 59

 75.2 58.7
 76.2 59.6
 76.3 61.2
 75.9 61.7
 76.7 61.9
 77.1 62.3
 77.1 63.3
 76.7 63.8
 75.6 63.8
 75.1 64.4
 74.8 64.5
 74.2 64.4
 74 64.2
 73.8 63.6
 73.8 62.4
 74 62.2
 75 62.2
 75.1 62
 74.3 61.5
 73.6 61.4
 73 60.7
 73.1 59.2
 73.7 58.7

 31.6 58.4
 32.8 58.4
 33.5 59
 33.8 59
 34.3 59.6
 34.2 60.8
 33.7 61.1
 33 61.1
 31.9 60.8
 31.7 60.6
 31.7 60.3
 31.2 59.8
 31.3 58.6

 17.4 58.3
 17.3 59.3
 16.4 60
 15.5 60
 15.3 59.8
 15.4 58.6
 16.2 58
 17.1 58

 13.5 58
 14 58.4
 14.1 58.7
 14.9 59.3
 14.9 60.9
 14.3 61.5
 12.8 61.7
 12.3 61.5
 11.9 61.1
 11.8 58.6
 12.1 58.1

 64 58.2
 64.1 59.5
 63.6 60
 62.8 60.2
 62.7 60.5
 63.1 60.6
 63.7 61.2
 63.8 62.6
 63.5 63
 63.6 63.7
 64.4 64.5
 64.6 64.9
 64.6 65.7
 64.3 66
 63.5 66.2
 63.5 67
 63.2 67.4
 61.9 67.5
 62.2 68.3
 62.1 69.2
 62.3 69.4
 62.4 71.1
 62 71.7
 60.8 72
 61 72.2
 61 73.4
 60.8 73.9
 60.3 74.4
 59.6 74.5
 58.6 74.2
 58.4 74
 58.4 72.9
 58.7 72.6
 59.1 72.5
 59.2 71.2
 59.5 70.8
 59.9 70.7
 59.9 69.3
 60.1 69
 60 67.7
 59.8 67.6
 59.1 67.8
 58.2 67.5
 57.8 67.1
 57.9 65.8
 56.5 65.7
 56.4 65.4
 56 65.1
 56 64
 56.2 63.8
 56.5 63.8
 56.9 63.2
 57.9 63.3
 58 62.3
 58.2 62
 59.3 62
 59.6 62.4
 59.6 63.5
 59.3 63.9
 58.7 64.1
 59 64.4
 58.9 65.4
 59.9 65.7
 60.3 66.1
 60.4 67.2
 61.6 67.2
 61.8 67.4
 61.8 65.7
 62.2 65.3
 61.4 64.9
 61.4 63.5
 60.8 62.9
 60.8 61.1
 61.1 60.8
 61.1 60.3
 61.5 59.9
 61.5 58.6
 61.8 58.1
 62.3 57.8
 63.5 57.8

 39.5 57.6
 40.4 58.6
 40.4 59.8
 39.8 60.4
 39.2 60.5
 38.6 60.3
 37.8 59.6
 37.6 59.2
 37.6 57.9
 37.9 57.6

 22 57.2
 22.6 57.9
 22.6 59
 22.3 59.3
 21.5 59.5
 20.7 59
 20.5 58.6
 20.5 57.5
 20.7 57.3

 50.1 58.8
 49.7 59.2
 49.2 59.4
 48.5 59.3
 47.6 60.2
 47.6 60.5
 47.1 61
 46 61.1
 44.9 60.3
 44.8 58.9
 45.1 58.5
 46.4 58.5
 46.8 58.8
 47.8 57.6
 48.1 57.6
 48.6 57.1
 49.7 57.1
 50.2 57.5

 11.7 57.3
 11.7 58.3
 11.3 58.7
 10.4 58.8
 11.6 60.1
 11.6 60.9
 11.4 61.1
 10.4 61.4
 9.3 61.3
 8.6 60.5
 8.6 59.2
 9.1 58.7
 10.3 58.8
 10.4 57.2
 11.5 57.1

 93.7 58
 92.6 59.2
 91.6 59.4
 91.1 59.1
 91.2 58
 92.2 57
 93.4 56.9
 93.7 57.2

 33.4 56.3
 34.6 57.2
 35.7 57.3
 36.1 57.8
 36.2 59.3
 35.6 59.7
 34.6 59.5
 33.9 58.7
 33.7 58.2
 32.8 57.9
 32.2 57.4
 32.2 56.4

 79.6 56.3
 80.1 57
 80.1 57.7
 79.9 57.9
 80.6 58.3
 80.9 58.7
 80.8 59.9
 80 60.3
 80.3 60.6
 80.3 61.7
 79.6 62.2
 78.6 62.1
 78.1 61.5
 78.1 60.3
 78.7 59.8
 78.5 59.6
 78.6 58.2
 78 57.6
 78 56.4
 78.2 56.2

 76.4 57.2
 75.9 57.8
 74.8 58.4
 74.2 58.4
 73.7 58.1
 73.8 56.9
 74.7 56.2
 76 56.1
 76.4 56.5

 55.8 55.2
 56.9 56.5
 57 57.2
 57.5 57.5
 57.5 58.5
 56.9 59.3
 56.2 59.4
 55.8 59.2
 55.9 57.9
 55.3 57.4
 54.7 56.4
 54.7 55.4
 54.9 55.2

 4.1 55.5
 4.1 56.2
 3.7 56.6
 4.1 57.3
 4 58.2
 3.6 58.7
 3.3 58.8
 2 58.7
 1.2 58
 1.2 56.5
 1.6 56.1
 1.9 56.1
 2.9 55.2
 3.8 55.2

 6.6 54.1
 6.8 54.3
 6.8 55.4
 6.4 55.8
 5.6 55.9
 5.2 55.7
 5.1 54.6
 5.4 54.1

 83.4 54.1
 83.7 54.5
 83.7 56.1
 83.1 56.8
 82.5 56.9
 81.7 56.7
 81.3 56.1
 81.4 54.7
 81.9 54

 31.3 53.7
 32.8 54.3
 33.1 54.6
 33.1 55.4
 32.9 55.6
 32.3 55.7
 30.3 54.9
 30.2 53.8

 39.8 53.4
 41.3 53.5
 42 54.2
 42 55.1
 41.3 55.6
 40.6 55.6
 40.1 55.4
 39.5 54.8
 39.6 53.6

 68.7 53
 69.1 53.5
 69.1 54.9
 68.8 55.3
 68.2 55.4
 68.1 55.6
 69.6 55.8
 70 56.2
 70.1 56.6
 70.1 57.7
 69.6 58.3
 67.8 58.6
 69 58.7
 69.4 59.1
 69.4 59.8
 69.2 60.1
 69.3 60.2
 69.6 60.2
 69.9 59.8
 71.3 59.8
 71.5 60
 71.8 60.7
 71.8 61.8
 71.4 62.4
 71.1 62.5
 72.4 62.6
 72.6 62.8
 72.6 63.8
 72.4 64
 71.5 64.1
 71 63.8
 71 62.8
 71.2 62.6
 70 62.4
 69.2 61.8
 69 60.3
 68 60.8
 67.2 60.8
 67.8 61.6
 67.8 62.8
 67.4 63.2
 66.5 63.3
 65.9 63
 65.3 63.1
 65 63
 64.7 62.6
 64.7 61.5
 65.1 60.6
 65.6 60.4
 66.6 60.4
 66.9 60.6
 66.9 59.4
 67.8 58.7
 66.8 58.5
 66.6 58.3
 66.6 57.6
 65.9 57
 65.5 56.3
 65.6 54.8
 66.1 54.5
 67.4 54.6
 67.5 53.3
 67.7 53

 92.9 52.4
 93.3 52.3
 94.3 52.3
 94.8 52.7
 94.8 53.6
 94.5 54
 94 54.2
 92.8 54.1
 92.6 53.9
 92.6 52.7

 71.5 52.7
 71.6 53.8
 71.3 54.4
 70.5 55
 69.5 54.8
 69.3 54.6
 69.3 53.2
 69.5 52.7
 70 52.3
 71 52.3

 32.9 51.9
 32.8 52.8
 32.2 53.4
 31.9 53.5
 31 53.4
 30.8 53.2
 30.8 52.1
 31.3 51.6
 32.5 51.5

 91.2 52.5
 91.2 53.2
 91.4 53.4
 91.4 54.1
 91.1 54.4
 90.3 54.5
 89.4 54.1
 89 54.2
 89.1 55
 89.9 55
 90.5 55.5
 90.6 55.8
 90.6 56.7
 89.7 57.4
 90.2 57.9
 90.2 58.8
 89.9 59.2
 90.4 59.4
 90.8 60
 90.7 61.1
 89.8 61.6
 89 61.5
 88.6 61.2
 88.5 60.4
 87.9 60.1
 88 58.8
 87.8 58.6
 87.8 58
 87.6 57.9
 87.5 59.1
 86.5 60
 87.2 60.1
 87.5 60.4
 87.5 61.5
 86.9 61.9
 86.2 61.8
 86.1 62.4
 85.1 63.1
 84.2 62.9
 83.6 62.4
 83.5 63.4
 83 63.9
 81.7 63.9
 81.4 63.6
 81.4 62.2
 81.9 61.8
 83 61.8
 83.1 61.4
 81.8 61
 81.3 60.5
 81.4 59.2
 82.9 59.1
 83.6 59.5
 83.7 58.6
 84.1 57.9
 84.9 57.8
 85.5 57.2
 86.9 57.2
 87.2 57.5
 87.3 57.4
 87.3 56
 87.6 55.6
 87.6 54.2
 86.8 53.9
 86.5 53.4
 86.5 52.1
 86.7 51.4
 87 51.1
 88.4 51.2
 88.8 51.8
 88.9 52.5
 89.4 52.5
 89.8 52.3
 91 52.3

 28 51.3
 28 52
 27.5 52.4
 27.9 52.8
 28.7 52.8
 29.2 53.3
 29.3 55
 28.7 55.6
 27.4 55.6
 27.2 55.8
 27.7 56.4
 27.7 57.2
 27.3 57.7
 26.3 58.2
 25.7 58.2
 25 59.1
 24.2 59.2
 23.7 58.9
 23.8 57.1
 23.7 57
 23.3 57.2
 22.8 57.2
 22.3 57
 21.9 56.5
 21.8 56
 21 55.5
 21 54.9
 20.6 54.7
 19.7 53.7
 19.7 51.4
 19.9 51.1
 20.8 51.1
 21.1 51.4
 21.1 52.4
 21.7 52.5
 22.4 53.2
 22.5 53.7
 23 53.7
 23.4 54.4
 23.7 54.5
 23.7 51.9
 23.9 51.7
 25 51.7
 25.3 52
 26.2 51.9
 26.3 51.8
 25.7 51.2
 25.7 50.3
 26.8 50.2

 10.3 51
 10.9 50.1
 12.3 50
 13.1 50.6
 13.8 50.6
 14.1 50.9
 14.1 51.6
 13.4 52.3
 12.8 52.4
 12.1 52.9
 11.2 53
 10.7 52.8
 10.3 52.4

 29.3 49.1
 29.8 49
 31.3 49
 31.7 49.3
 31.8 50.3
 30.9 50.9
 29.6 51
 28.9 50.7
 28.9 49.4

 89.5 48.4
 91 48.4
 91.7 48.9
 91.9 48.4
 92.9 48.4
 93.5 49.2
 93.5 50.2
 93 50.5
 93.1 51.3
 92.4 51.7
 91.9 51.7
 91.4 51.4
 91.3 51.1
 89.9 51.1
 89.1 50.4
 89 49

 2.5 48.4
 2.8 48.9
 2.9 50.6
 2.5 51.2
 2.2 51.3
 1.6 51.2
 1.3 50.6
 1.4 48.4

 80.7 48.2
 80.8 48.6
 80.7 50
 80.1 50.4
 78.9 50.4
 79.1 51.1
 79.4 51.4
 79.4 52.9
 79.1 53.3
 79.6 53.4
 80 53.8
 80 55.1
 79.5 55.8
 78.6 55.9
 78.1 55.6
 78 53.7
 77.3 53.6
 76.8 54
 75.8 54.2
 75.5 54.1
 75.3 53.8
 74.3 53.8
 73.9 53.4
 74 52.1
 74.5 51.6
 75.3 51.6
 75.4 50.7
 75.9 50.6
 76 50.2
 76.5 49.7
 78.5 49.7
 78.7 48
 79 47.7
 80.3 47.7

 71.4 48
 71.3 49
 70.4 49.7
 69.7 49.9
 69.1 49.8
 68.8 49.4
 68.9 48.3
 69.7 47.6
 71.1 47.6

 86 48.3
 86.5 49.3
 86.5 50.1
 85.9 50.5
 86.2 50.9
 86.2 52.6
 85.8 53.1
 85.5 53.2
 84.7 53.2
 84.1 52.9
 83.7 53.3
 82.8 53.6
 81.9 53.6
 81.4 53.4
 81.2 53
 81.2 51.9
 81.6 51.5
 82.4 51.2
 84 51.2
 83.9 50.8
 83.3 50.7
 83 50.3
 82.9 48.1
 83.4 47.9
 84 47.3
 85.2 47.4

 49.8 47.4
 49.8 48.2
 49.3 48.9
 48.5 49.6
 47.5 49.6
 47.4 48.5
 48.2 47.5
 48.6 47.2
 49.6 47.2

 9.7 46.6
 10.9 46.7
 11.2 47
 11.2 47.7
 10.6 48.1
 9.6 48
 9.5 46.8

 6 46.6
 6.5 46.8
 6.8 47.2
 6.8 47.5
 7.6 47.9
 7.9 48.2
 8 49.5
 7.3 50.4
 7.2 51.2
 6.4 52.1
 5.6 52.2
 5.2 52
 5.2 51.1
 5.7 50.5
 5.1 50
 5 49.1
 4.4 48.5
 4.4 47.3
 4.5 47
 5 46.6

 59.8 47.3
 59.3 47.9
 58.7 48.1
 57.8 49
 57.2 49.2
 56.4 49.1
 56.1 49.6
 55.5 49.7
 55.2 50.2
 54 50.2
 53.7 50.4
 53.7 50.7
 53.5 50.9
 53 51.1
 51.9 51
 51.7 50.5
 51.3 50.8
 50.7 50.9
 50.1 50.5
 50.1 49.4
 50.4 49
 50.8 48.8
 51.7 48.8
 51.9 49
 52 48.3
 52.5 47.3
 53 47.1
 54.2 47.2
 54.5 46.8
 55.4 46.8
 56.1 48.1
 56.4 47.6
 56.8 47.3
 57.8 47
 57.8 46.5
 58.2 46
 59.4 46
 59.8 46.3

 99.6 46.6
 99.6 47.4
 99.2 47.7
 99.8 48.2
 99.8 49.4
 99.3 50
 99.3 50.8
 98.6 51.2
 98 51.2
 97.8 51.9
 97.4 52.3
 96.8 52.4
 96.2 52.2
 96 51.9
 96.1 49.9
 96.4 49.5
 97.2 49.4
 97.3 48.3
 98.2 47.6
 97.4 47.1
 97.4 46
 98.8 46

 96.3 45
 96.2 46.2
 95.1 46.9
 94.1 46.8
 93.6 46.2
 93.6 45.3
 93.8 44.9
 94.5 44.4
 95.8 44.4

 33 46
 33.8 45.6
 34 44.9
 34.5 44.5
 35.5 44.5
 36.1 45
 36.4 44.8
 37.3 44.8
 37.5 45
 37.6 44.6
 37.9 44.3
 39.8 44.2
 40.2 44.7
 40.2 45.4
 39.8 45.8
 39.3 46
 38 46
 37.5 47
 39.1 47.1
 39.7 47.9
 40.1 48
 40.4 47.5
 40.8 47.2
 41.9 47.2
 42.2 47.5
 42.1 48.9
 42.7 49
 42.8 48.9
 42.6 48.5
 42.6 47.4
 42.8 47
 44 46.9
 44.4 47.3
 44.5 46.4
 44.7 46.2
 45.6 46.2
 46.3 46.7
 46.5 46.5
 47.1 46.5
 47.2 46.3
 47 45.9
 47 45
 47.4 44.4
 48.8 44.3
 49.5 44.7
 49.9 45.3
 49.9 46.3
 49.7 46.6
 49.1 47
 47.9 46.9
 47.8 47.7
 47.4 48.1
 46.7 48.4
 47.2 49.2
 47.1 50
 47.7 50.5
 48 51.2
 48 51.9
 47.5 52.7
 47.8 53.8
 47.6 56
 46.9 56.5
 46.3 57.4
 45.5 57.7
 44.9 57.6
 44.4 57.2
 44.4 56.1
 44.7 55.5
 44.8 54.6
 45.3 53.7
 45.7 53.3
 45.5 52.9
 45.3 52.8
 44.9 53.4
 44.6 53.5
 43.5 53.3
 42.6 52.6
 42.5 51.6
 41.8 51.7
 41 51.2
 40.8 50.8
 40.7 49.9
 40.2 49.8
 39.2 50.1
 38.7 49.9
 38.4 49.5
 37.5 49.4
 37.1 49
 37 47.5
 36.6 47.6
 36 48.3
 35.2 48.4
 34.8 48.2
 34.7 47
 33.7 47.6
 32.9 47.7
 32.5 47.5
 32.5 46.5

 74.2 45.5
 73.3 46.7
 72.5 46.9
 72.1 46.7
 71.3 46.7
 70.8 46.4
 70.8 45.4
 71.8 45.3
 72.1 44.6
 72.6 44
 73.8 43.9
 74.2 44.3

 2.8 43.6
 3.9 43.6
 4.1 43.8
 4.2 44.4
 5.2 44.4
 5.4 44.6
 5.4 45.4
 4.6 46.1
 3.7 46.1
 3.5 45.3
 2.6 45
 2.6 43.8

 13.8 43.2
 14.6 43.9
 14.6 44.9
 14.3 45.2
 13.5 45.3
 13 45.1
 12.6 44.7
 12.5 43.5
 12.8 43.2

 80.5 42.9
 81.4 43.5
 81.5 44.9
 80.9 45.7
 79.8 45.9
 78.7 45.3
 78.6 43.7
 79.1 43

 16.9 42.9
 19 43
 19.5 43.4
 19.5 44.2
 19 44.5
 17.7 44.5
 16.8 44.2
 16.7 43.2

 23.8 43
 23.8 44.1
 23.4 44.5
 24.6 44.7
 24.9 45
 25 46
 25.6 46.4
 26 47.1
 26 47.9
 25.4 48.3
 25.4 49
 25.2 49.2
 24.3 49.2
 23.5 48.5
 23.5 47.6
 24.2 47.4
 24.1 46.9
 22.9 46.8
 22.8 47.6
 22.5 48
 21.4 48.2
 21.8 48.7
 21.8 49.6
 21.3 49.9
 20.5 49.8
 20.2 49.4
 20.2 48.3
 20.8 48
 19.9 47.5
 19.9 46.3
 21.5 46.2
 22.2 46.4
 22.4 46.6
 22.6 46.5
 22.5 45.2
 22.7 44.9
 23.1 44.7
 22.4 44.5
 22 44.2
 21.8 43.8
 21.8 42.8
 22.1 42.4
 23.3 42.4

 55.1 42.7
 55.1 43.8
 54.6 44.5
 54.8 44.8
 54.8 45.7
 54.3 46.3
 54 46.4
 53.2 46.4
 52.3 46
 52 45.5
 52 44.6
 52.4 44
 52.5 43.2
 53.4 42.3
 54.6 42.2

 48.4 42.2
 48.6 42.4
 48.6 43.6
 48.3 44
 47.7 44.1
 47.2 43.8
 47.2 42.8
 47.5 42.2

 90.2 41.8
 91.1 41.8
 91.6 42
 92 42.4
 92.3 43.1
 92.3 43.8
 92.1 44.1
 92.1 45.2
 91.7 45.6
 90.4 45.6
 90.1 45.3
 90 44.9
 89.4 44.6
 89 43.8
 89 42.9
 89.5 42.1

 98.4 40.7
 98.8 41.5
 98.7 43
 99.2 43.5
 99.2 44.7
 98.6 45.4
 98.3 45.5
 97.3 45.4
 96.7 44.9
 96.7 43.6
 97.1 43.1
 96.9 42.5
 96.9 41.2
 97.2 40.7

 11.7 42.2
 11.4 42.5
 10.2 43.1
 9.2 43.1
 9.1 43.8
 8 44.6
 7.4 44.7
 6.3 44.3
 5.8 43.7
 5.8 42.8
 6 42.5
 6.5 42.4
 7.5 41.6
 8.1 41.6
 8.2 40.9
 8.7 40.5
 10.4 40.5
 10.9 40.8
 11.2 40.8
 11.7 41.3

 30.3 40.4
 30.6 40.8
 31.4 41.3
 31.6 41.7
 31.6 42.7
 31.4 43.1
 31 43.5
 30.4 43.7
 31.4 44.5
 31.5 45.5
 31 46.3
 30.3 46.6
 30.7 47.2
 30.7 48.1
 30.3 48.6
 30 48.7
 29.2 48.6
 28.9 47.7
 28.1 47.9
 27.5 47.6
 27.5 46.5
 28 45.6
 28 45.4
 27.6 45.1
 27.6 44
 29.1 44
 29.8 43.7
 28.7 43.2
 28.4 42.6
 28.4 41.5
 29.2 40.4

 24 40
 23.9 41.2
 23.2 41.9
 22.6 42.1
 21.9 42
 21.4 41.5
 21.4 40.2
 22.1 39.5
 23.4 39.5

 83.6 39.3
 84.5 39.3
 85 39.7
 85.2 40.1
 85.2 41.1
 86.3 41.2
 86.7 41.7
 86.7 42.5
 86.4 43
 85.6 43.4
 84.9 43.4
 84.5 43.2
 84.3 42.9
 84.4 41.8
 83.5 41.5
 83.1 40.9
 83.2 39.5

 16.8 39.2
 18 39.2
 18.4 39.6
 18.4 40.5
 19.9 41.1
 20.1 41.3
 20.1 42
 19.6 42.3
 18.9 42.3
 18.2 42
 17.4 42.5
 16.2 42.3
 15.9 42
 15.9 40.9
 16.9 40.7
 16.6 40.5
 16.6 39.4

 95.7 39.2
 95.7 39.8
 96.2 40.1
 96.3 40.4
 96.3 42
 95.7 42.4
 94.9 42.3
 94 43.1
 93.4 43.3
 92.8 43.2
 92.6 43
 92.6 41.9
 93.2 41.3
 92.9 40.9
 91.9 40.9
 91.4 40.4
 91.4 39.2
 91.6 39
 92.5 39
 93.2 39.6
 94.1 38.8
 95.3 38.8

 31.2 38.5
 32 38.9
 32.6 39.5
 32.6 40.3
 32.3 40.6
 31.6 40.7
 30.5 40.2
 30 39.7
 30.1 38.6

 44.1 39.4
 44.1 40.1
 43.9 40.6
 43.6 40.9
 42.5 41.4
 41.3 41.1
 41.3 42.1
 40.7 43
 39.7 43.2
 38.9 42.9
 38.3 43.3
 37.7 43.4
 37 43.2
 36.4 42.4
 36.4 41.5
 36.6 41
 37.4 40.5
 38.5 40.5
 39 40.8
 39.3 40.6
 40.5 40.6
 41 40.9
 41.1 40.8
 40.7 40.2
 39.9 40.1
 39.6 39.8
 39.6 38.6
 39.8 38.4
 43.2 38.4
 43.8 38.8

 98 38.1
 99.1 38.1
 99.4 38.4
 99.4 39.1
 98.8 39.5
 98 39.4
 97.8 39.2
 97.8 38.3

 62.5 40.1
 61.8 40.7
 61.1 40.8
 60.9 41
 60.9 41.6
 60.3 42.1
 59.2 42.1
 59.2 43.3
 59 43.5
 57.5 43.6
 56.7 43.4
 56.2 43.1
 56.2 42.1
 56.5 41.8
 57.9 41.8
 58.9 42.1
 59.1 42
 59 41
 59.4 40.5
 59.9 40.3
 59.7 40
 59.7 39
 59.8 38.6
 60.4 38.1
 61.9 38.1
 62.5 38.8

 26.6 38.1
 27.1 38.5
 27.6 39.2
 27.6 40.4
 26.9 41
 26.1 41.1
 25.4 40.9
 24.7 40
 24.7 38.5
 25.2 38.1

 57.4 38.1
 57.4 38.9
 56.8 40.3
 56.5 40.6
 55.6 40.6
 55.4 40
 54.5 39.7
 54.5 38.7
 54.7 38.5
 55.8 38.5
 56.3 37.9
 57.2 37.9

 86.5 37.2
 88.7 37.4
 89 37.8
 89 38.4
 89.7 39
 89.7 39.8
 89.4 40.1
 88.6 40.2
 87.8 39.7
 87.7 39.3
 86.4 39.3
 86.2 39.1
 86.2 37.5

 36.7 36.8
 37.7 37.3
 38.3 37.9
 38.3 38.7
 38 39
 37.4 39.1
 36.7 38.9
 35.9 38.4
 35.6 38
 35.6 36.9

 29.8 37.1
 29.8 37.8
 28.9 38.6
 28 38.6
 27.9 37.4
 28.6 36.8
 29.5 36.8

 84.7 36.4
 85.2 36.8
 85.3 37.7
 84.8 38.4
 83.9 38.5
 83.2 38.2
 83.1 36.9
 83.5 36.4

 2.7 35.8
 2.9 36
 2.8 37.6
 3.2 37.9
 3.5 38.6
 4.6 38.7
 5.4 39.4
 5.5 40.6
 5.2 41
 5.2 41.5
 5 41.7
 4 41.8
 2.9 41.4
 2.4 41
 2.4 40.2
 2.1 40.1
 2 40.2
 2.2 40.4
 2.2 41.2
 1.7 42.1
 1 42.6
 0.2 42.4
 0.2 41.4
 0.7 40.5
 1 40.2
 1.8 40.1
 0.7 39.7
 0.3 39.2
 0.5 37
 0.8 36.7
 1.2 36.6
 1.2 36.2
 1.5 35.8

 98.7 35.4
 98.6 36.6
 97.9 37.2
 97.4 37.4
 96.5 37.3
 96.2 36.9
 96.3 35.7
 97.1 35
 98.3 35

 22.2 34.4
 23.8 34.4
 24.2 34.5
 24.9 35.1
 26.1 35
 26.5 35.2
 26.8 35.8
 26.8 36.6
 26.5 37.4
 25.7 37.9
 25 37.9
 24.3 37.5
 24.1 36.6
 22.8 36.7
 22 36.4
 21.7 36.1
 21.8 34.7

 40.7 34.1
 40.7 35.5
 40.3 36.2
 39.3 36.7
 38.3 36.4
 38 36.1
 38 34.7
 38.4 34
 39.1 33.6
 40 33.6

 61.7 33.4
 62.1 33.7
 62.2 34.4
 63.1 34.4
 63.7 34.8
 64.1 35.5
 64.1 36.7
 63.8 37
 63.2 37.3
 62.7 37.3
 62.1 37.1
 61.8 36.8
 61.5 36.2
 61.5 34.9
 60.8 34.7
 60.6 34.5
 60.7 33.4

 80.8 33.3
 80.8 34.4
 80 35.2
 79.3 35.4
 79.2 36.4
 78.6 37
 79.3 37.8
 79.3 38.6
 78.9 39
 77.9 39
 77.7 39.2
 77.8 40.1
 77.3 40.6
 76.6 40.8
 75.7 40.7
 75.3 41.3
 75 41.4
 74.2 41.3
 74 41
 74.1 38.9
 75.2 38.8
 75.6 39.2
 76 39
 75.7 38.9
 75.3 38.4
 75.3 37.4
 75.7 36.2
 76.3 36
 76.3 35
 76.5 34.5
 77.1 34.1
 78.1 34.1
 78.2 33.4
 79 32.7
 80.2 32.7

 50.5 32.4
 51.1 32.6
 51.4 32.9
 51.4 33.7
 50.8 34.8
 50.9 35
 51.4 35
 51.7 34.7
 52.3 34.5
 53.5 34.5
 53.8 34.8
 53.8 35.7
 53.6 35.9
 52.7 36.3
 51.4 36.2
 51 36.5
 50.9 37.2
 50.3 37.8
 50.6 38.4
 51.5 38.5
 51.9 38.9
 51.8 41.1
 51.4 41.5
 51.5 42.3
 51.3 43.1
 50.5 43.7
 49.7 43.6
 49.3 43.2
 49.4 41.4
 50 40.8
 50 40.4
 49.1 39.8
 48.1 39.8
 47.8 39.4
 47.8 38.3
 48.6 37.7
 48.4 37.3
 48.4 35.7
 48.7 35.3
 49.2 35.1
 49.2 34.7
 48.5 34.3
 48.4 32.9
 48.8 32.5

 1.1 32.3
 1.4 32.7
 1.5 34.6
 1.3 34.8
 0.6 34.9
 0.2 34.7
 0.1 32.3

 69.1 32.5
 69.1 33.1
 69.4 33.4
 69.4 33.9
 69.9 34.4
 69.9 35.4
 69.3 36.1
 69.6 36.7
 69.5 38
 71.2 38
 71.4 37.8
 72.4 37.8
 72.7 38.1
 72.7 39.3
 72.4 39.7
 71.7 39.8
 71.5 40.3
 71.1 40.7
 70.5 41
 69.3 40.7
 69 40.1
 68.6 40.5
 67.8 40.9
 67.8 42
 67.5 42.6
 67.2 42.9
 66.7 43
 66.6 43.4
 66.2 43.8
 65.4 43.9
 64.8 43.6
 64.6 43.8
 64.8 44.7
 66.4 44.6
 67.2 45.3
 67.2 46.5
 66.7 47.1
 65.7 47.3
 65.7 48.7
 65.3 49.2
 64.8 49.4
 65.6 50
 65.7 51.2
 65.3 52
 64.7 52.4
 63.9 52.5
 63.3 52.2
 63.2 52.3
 63.2 52.8
 63.5 53.2
 63.5 54.1
 63.2 54.4
 62.5 54.5
 62.2 54.4
 61.9 54
 61.3 53.9
 61.1 55.3
 60.6 55.6
 59.9 55.5
 59.7 55.3
 59.7 53.5
 59.5 53.4
 59.1 53.6
 58.6 53.6
 58 53.2
 58 52
 57 51.6
 56.7 51.3
 56.7 50.1
 58.1 50
 59.2 50.5
 59.4 50.7
 59.4 51.6
 59.9 52.2
 59.9 53.2
 60.3 53.1
 60.2 50.8
 60.5 50.2
 61.5 50.2
 61.8 50.5
 61.9 51.2
 62.3 51.2
 62.9 51.6
 63 51.5
 63 50.6
 63.4 49.8
 64.1 49.4
 63.4 48.9
 63.3 47.3
 62.4 46.9
 61.6 46
 61.5 44.7
 61.7 44.5
 62.1 44.5
 62.2 44.1
 62.7 43.7
 62.6 42.3
 63.1 41.7
 63.1 40.5
 63.3 40.2
 64.8 40.1
 65.2 40.3
 65.6 39.9
 65 39.1
 65 38
 66.1 37.9
 66.6 38.4
 68 38.1
 67.9 36.3
 67.4 35.7
 66.7 35.8
 66.3 35.6
 65.4 35.6
 64.7 35
 64.6 34.5
 64 34.4
 63.6 34.1
 63.5 32.6
 64 32.1
 65.7 32.1
 66.3 32.6
 66.6 32.6
 66.9 32.1
 68.8 32.2

 10.5 31.8
 10.5 32.7
 10.3 32.9
 10.9 33
 11.2 33.3
 11.2 34.1
 10.6 34.6
 10.9 34.9
 11.1 34.6
 12.2 34.6
 12.4 34.8
 12.4 35.7
 11.9 36
 11.2 35.9
 10.7 36.6
 9.7 36.9
 9.9 37.2
 9.9 38.6
 9.7 38.8
 8.6 38.8
 8.3 37.9
 7.3 38.9
 6.4 38.9
 6 38.6
 6 37.3
 6.7 36.3
 7.5 36
 7.2 35.6
 6.2 35.7
 5.5 35.5
 5.2 35.2
 5.2 33.9
 5.7 33.6
 7.3 33.7
 7.5 33.9
 8.2 33.6
 7.9 33.4
 7.9 32.3
 8.1 32.1
 9.2 31.6
 10.3 31.6

 12.8 32.1
 13.7 32.1
 14.1 32.4
 14.3 32.2
 15.3 32.2
 15.6 32.3
 16.2 32.9
 16.3 31.7
 16.6 31.5
 17.5 31.5
 17.9 31.9
 18.6 32
 19 32.7
 19 33.6
 18.7 34
 18.7 34.3
 19.7 34.4
 20 34.7
 20 35.6
 19.3 36.3
 19.7 36.7
 19.7 37.5
 19.5 38
 19.7 38.2
 19.7 38.9
 19.4 39.2
 18.8 39.3
 18.5 39.2
 17.7 38.4
 17.7 37.7
 16.9 37.1
 16.9 36.2
 17.1 35.9
 17.5 35.8
 17.7 35.3
 17 35
 16.9 34.4
 16.5 34.1
 16.3 33.5
 16.2 34
 15.8 34.4
 14.8 34.5
 14.4 34.3
 13.8 34.6
 13.1 34.6
 12.5 34.2
 12.3 33.8
 12.3 32.5

 72.2 31.7
 72.2 32.8
 71.8 33.4
 72.2 33.5
 72.5 33.8
 72.5 34.6
 71.6 35.6
 70.8 35.8
 70.3 35.5
 70.3 34.4
 70.8 33.8
 70.3 33.5
 70.3 32.2
 70.6 31.7
 71 31.4
 71.9 31.4

 86 31.5
 86 32.5
 85.8 33.3
 85.6 33.5
 85.5 34.4
 85 34.8
 84.3 34.9
 83.5 35.3
 82.9 35.2
 82.7 35
 82.7 33.9
 83.1 33.5
 83.2 32.7
 83.8 32.3
 84.1 31.3
 84.4 31
 85.6 31

 31.2 31.2
 31.6 30.8
 32.7 30.8
 32.9 31
 33 31.9
 34.7 31.9
 35.2 32.2
 35.2 33.3
 34.4 33.8
 34.9 34.4
 34.7 36.1
 34.1 36.6
 34.6 36.7
 35 37
 35 37.7
 34.6 38.8
 33.9 39.5
 33.3 39.6
 32.7 39.3
 32.7 37.9
 33.4 36.9
 32.1 36.3
 31.8 35.2
 31.3 35.2
 30.4 34.8
 30.2 34.4
 30.3 33
 30.1 32.7
 29.2 32.2
 29.3 31.2

 57.7 30.4
 58.5 31.1
 58.8 30.6
 59.9 30.6
 60.2 30.9
 60.2 31.8
 59.9 32.1
 59.2 32.2
 58.8 32
 58.3 32.6
 59.3 32.7
 60 33.2
 60.1 34.5
 59.6 35.1
 58.5 35.2
 57.6 34.6
 57.5 33.3
 57.8 32.9
 57 32.6
 56.4 32.1
 56.3 31.8
 56.3 30.7
 56.6 30.4

 38.8 30.9
 38.9 31.2
 38.9 32
 38.7 32.4
 38.2 32.8
 38.2 33.4
 37.8 33.9
 37 34.2
 36.4 34.2
 35.9 34
 35.6 33.5
 35.6 32.5
 35.9 32.1
 36.4 31.9
 36.4 31.1
 36.6 30.7
 37.1 30.4
 38.1 30.4

 44.2 31.2
 43.8 31.7
 43.3 31.9
 42.6 31.9
 42.1 32.4
 41 32.7
 40.6 32.7
 39.7 32.3
 39.6 30.7
 40.1 30.2
 41.2 30.1
 41.7 29.3
 43.1 29.3
 44.1 30

 68.7 29.2
 69.6 30
 69.6 30.9
 69.4 31.1
 68.5 31.1
 67.7 30.3
 67.8 29.2

 35.3 28.7
 35.6 29
 35.6 29.7
 35.2 30.1
 34.4 30.2
 34 30
 34 28.9
 34.2 28.7

 82.7 29.3
 82.3 29.7
 81.7 29.8
 81.3 29.6
 81 30.3
 80.4 30.8
 79.7 31.1
 79.1 31.1
 78.5 30.7
 78.5 29.5
 79.3 28.7
 80.8 28.6
 81.1 29
 81.2 28.4
 81.4 28.2
 82.4 28.2
 82.7 28.5

 51 28.2
 51 28.9
 50.6 29.3
 50.5 30.1
 50.1 31.1
 49.6 31.4
 48.8 31.3
 48.7 30
 48.9 29.5
 48.9 28.4
 49.5 27.9
 50.7 27.9

 72.7 27.8
 73.5 28.4
 73.7 29.6
 74 29.4
 75.6 29.5
 76 29.8
 76 30.6
 75.4 31
 74.5 31
 73.7 30.6
 73.6 29.5
 73.3 29.9
 72.3 30
 71.8 29.8
 71.1 29.2
 71.2 27.9

 86.8 27.5
 87.1 27.9
 87.1 29.3
 86.6 29.8
 85.6 29.9
 85.3 29.8
 85 29.4
 85 27.9
 85.4 27.4

 28.7 27.4
 29.4 28
 29.5 28.3
 30 28.1
 31 28.1
 31.3 28.5
 31.2 29.7
 30 30.5
 28.9 30.4
 28.6 30
 28.5 29.4
 27.7 29.3
 27.2 28.9
 27.2 27.5

 62.8 27.2
 63.9 27.2
 64.3 27.4
 64.7 28.2
 64.7 29.1
 64.3 29.6
 63.5 29.9
 62.5 29.8
 62.1 29.5
 61.9 28.9
 62 27.7

 98.2 26.8
 98.7 27.4
 98.9 28.1
 98.9 29.1
 98.6 29.6
 97.6 29.8
 96.9 29.3
 96.7 28.7
 96.7 27.2
 96.9 26.9

 48.6 26.8
 48.8 27
 48.8 27.9
 48.6 28.1
 47.9 28.2
 47.4 27.9
 47.5 26.8

 52.4 27.1
 52.9 26.7
 53.9 26.7
 54.2 27
 54.2 27.4
 54.5 27.5
 54.6 27.1
 55 26.8
 56 26.8
 56.6 27.3
 56.8 27.7
 56.8 28.7
 56.4 29.1
 55.5 29.2
 55.3 29.4
 55.7 29.7
 55.7 30.5
 55.5 30.7
 54.4 30.7
 54.3 30.1
 53.5 29.8
 53.3 29.5
 53.3 29.1
 53.1 28.9
 52.2 28.6
 51.9 28.3
 52 27.1

 60.6 26.2
 61.5 26.9
 61.7 29.4
 61.4 29.7
 60.1 30.3
 59.5 30.3
 59.1 30.1
 59.2 28.9
 58.5 28.3
 58.4 26.9
 59 26.2

 95.4 26.1
 95.4 27.3
 94.4 28.2
 94.4 29.7
 93.8 30.2
 94.4 30.4
 94.9 30.9
 94.7 33.1
 94.1 33.6
 93.4 33.7
 93 33.5
 93 32.6
 92.7 32.5
 92.1 33.4
 90.7 33.4
 90.6 34
 90.3 34.3
 88.9 34.3
 88.8 33.2
 89 33
 90.2 32.9
 90.1 31.7
 89.5 31.2
 89.3 30.7
 88.6 31.2
 87.7 31.5
 86.8 31.4
 86.6 31.1
 86.6 30.2
 87.1 29.8
 87.8 29.6
 88 29.4
 88 28.9
 88.3 28.6
 89.2 28.6
 90.1 29.1
 90.3 29.7
 90.9 29.7
 91.5 30.3
 91.5 27.8
 92.4 27.2
 92.5 25.8
 93 25.3
 94.6 25.3

 66.7 24.9
 67.3 25.4
 67.4 27
 67.2 27.2
 66.4 27.4
 66 27.2
 66 26.8
 65.4 26.2
 65.4 25.1
 65.6 24.9

 39.6 24.8
 40.2 24.6
 41.4 24.6
 41.9 24.9
 42 25.9
 41.4 26.5
 40.5 26.8
 39.5 26.6
 39.3 26.3
 39.3 25.2

 13 28.4
 12.6 28.9
 12.7 29.8
 12.2 30.1
 11.2 30.2
 10.6 30
 10.4 29.2
 10.3 29.5
 9.6 30.1
 8.9 30.4
 8.3 30.4
 7.7 30
 7.5 29.3
 6.8 29.6
 6.1 29.5
 5.6 28.9
 5.4 29.8
 4.8 30.2
 3.9 30.3
 3.3 29.9
 2.9 30.3
 1.8 30.5
 1.1 30
 1.1 29
 1.3 28.6
 2 28
 3.1 27.9
 3.4 27.6
 4.9 27.5
 5.5 28.2
 5.7 27.1
 6.2 26.9
 7.2 26.9
 7.7 27.4
 7.9 28.4
 8.7 27.8
 10 27.8
 10.4 28.3
 10.4 28.9
 10.5 29
 10.8 28.8
 10.9 27.7
 9.9 27.3
 9.7 27
 9.7 26.1
 8.9 25.9
 8.4 25.6
 8.3 24.1
 8.9 23.7
 11 23.8
 11.4 24.4
 11.4 25.2
 12 25.4
 12.5 26
 12.4 26.9
 13 27.5

 99.3 23.3
 99.9 24
 99.9 26.7
 99.1 26.5
 99.1 25.4
 98.5 25.2
 98 24.7
 98 23.5
 98.2 23.3

 4 23.8
 3.9 25.2
 3.2 25.6
 2.6 25.6
 2.4 26.1
 2 26.5
 1.4 26.6
 0.7 26.4
 0.5 26.1
 0.5 24.9
 0.8 24.4
 1.3 24.3
 1.4 23.4
 1.7 23.2
 3.5 23.3

 68.4 24.1
 69.7 24.2
 69.8 23.2
 70 22.8
 71.4 22.7
 72 23
 72.2 23.3
 72.3 24
 74 23.9
 74.5 24.4
 75 24.2
 75.9 24.2
 76.4 24.4
 76.7 24.8
 77.2 24.8
 77.7 25.2
 78.2 25.9
 78.3 27
 78 27.3
 77.3 27.4
 77 27.3
 76.3 26.6
 75.9 26.9
 75.2 27
 74.6 26.8
 74.3 26.5
 74.1 25.9
 73.7 26.1
 73 26.9
 72.4 27
 71.9 26.7
 71.9 26.3
 71.6 26.1
 71.4 25.7
 71.3 24.9
 70.6 24.9
 70.1 24.7
 70 25.4
 69.5 26
 69.7 26.2
 69.7 27.5
 69.1 27.9
 68.5 27.9
 67.9 27.5
 67.9 24.7

 67.5 22.5
 67.8 22.8
 67.8 23.5
 67.5 23.9
 66.8 24
 66.3 23.7
 66.3 22.8
 66.6 22.5

 82.1 22.6
 82.5 23.1
 82.4 24.3
 82.1 24.6
 81.3 24.9
 81.3 25.5
 81 25.8
 80.1 25.8
 79.7 25.2
 79.7 22.8
 80.1 22.4
 81.6 22.4

 91.5 22.7
 91.5 23.9
 90.8 24.6
 90 24.8
 89.4 24.7
 88.9 24.2
 89 22.8
 89.6 22.2
 90.9 22.1

 14.7 24.7
 15.4 24.3
 17 24.4
 17.3 24.2
 17.7 24.2
 17.7 24
 17.4 23.9
 17.5 22.4
 17.8 22.1
 18.8 22.1
 19.1 22.4
 19.1 23.4
 20.2 23.4
 20.8 24
 20.8 24.8
 20.6 25.3
 19.7 25.9
 20.7 26.8
 20.9 25.8
 21.5 25.4
 23.3 25.5
 23.7 25.8
 24.2 25.2
 25.3 24.7
 26.3 24.7
 26.6 25.1
 26.6 25.8
 25.4 26.7
 24.8 26.9
 24 26.8
 23.9 27.2
 23.5 27.6
 23 27.8
 21.7 27.8
 20.9 27.3
 20.8 28
 20.2 28.6
 19.5 28.7
 18.8 28.5
 18.4 28.7
 17.6 28.7
 17.1 28.5
 16.8 28
 16.7 26.9
 16 27.2
 15.5 27.2
 14.9 27
 14.4 26.3
 14.4 25.2

 96.2 21.7
 96.4 21.9
 96.4 22.7
 95.9 23
 94.5 22.8
 94.3 22.6
 94.3 21.7

 73.7 21.6
 75 21.6
 75.8 21.9
 76.3 22.4
 76.2 23.4
 75.5 23.8
 74.8 23.8
 73.8 23.4
 73.4 23
 73.4 21.9

 47.3 21.4
 48.7 21.4
 49.3 22.1
 49.2 23.2
 48.9 23.5
 49.1 23.7
 49.9 23.8
 50.2 24.2
 50.3 23.3
 50.6 23
 51.8 23.1
 52.3 23.8
 53.3 23.4
 54.5 23.4
 55.1 23.7
 55.1 24.6
 54.8 24.9
 54.2 25
 53.4 25.7
 52.3 25.9
 51.7 25.5
 51.6 25
 50.8 24.9
 50.3 24.3
 50.2 25.2
 49.8 25.6
 48.6 25.7
 48.1 25.5
 47.2 24.6
 47.1 24
 46.6 23.6
 46.5 22.2

 66 21.2
 66 22.1
 65.7 22.7
 65 23.5
 64.2 23.8
 64.4 24.4
 64.4 25.8
 64.2 26
 63.5 26.1
 63.1 25.9
 62.9 24.8
 62.7 24.5
 62.3 24.7
 61.6 24.7
 61.1 24.4
 61 23
 61.4 22.6
 62.5 22.6
 63.2 23.3
 63.5 23.3
 63.6 22.4
 64 21.6
 64.7 20.9
 65.6 20.9

 93.6 20.8
 94 21.2
 94 22.2
 93.9 22.6
 93.6 22.9
 92.5 23
 92.1 22.8
 92 21.1
 92.3 20.8

 28.8 21
 28.8 21.5
 29.3 21.6
 29.5 21.8
 29.5 22.7
 29.1 23.2
 28.6 23.4
 28.4 23.8
 27.4 23.8
 27.4 21.1
 27.6 20.8
 28.6 20.8

 85.3 20.6
 86 21.2
 86.2 21.7
 86.5 21.5
 87.4 21.5
 87.9 21.8
 88 23.1
 87.8 24.1
 87.4 24.5
 86.6 24.7
 87.5 25.6
 87.5 26.4
 87.3 26.6
 86.4 26.6
 85.1 25.3
 85.1 24.3
 85.6 24.1
 85.6 23.2
 84.2 23.1
 83.5 22.5
 83.4 21.1
 83.8 20.6

 43.2 22
 42.7 22.5
 41.7 22.6
 41.1 23
 40.6 22.9
 40.6 23.9
 40.3 24.2
 39.3 24.6
 38.8 24.6
 38.3 24.3
 38.3 23.3
 38.6 23
 39.1 22.8
 40.3 22.7
 40.3 21.5
 40.7 20.6
 41 20.3
 42.1 20.3
 42.3 20.5
 42.8 20.6
 43.1 20.9

 37.3 22.3
 36.7 22.7
 35.8 22.6
 35.5 23.2
 36.6 23.4
 37 23.8
 37.3 24.4
 37.3 25.4
 37 25.7
 35 25.9
 34.3 25.6
 34.1 24.5
 33.6 24.7
 33 24.7
 32.5 24.5
 32.4 25.5
 31.8 26.1
 30.9 26.3
 30.2 25.8
 30.2 24.6
 30.7 24.1
 31.5 23.9
 31.5 22.9
 31.7 22.5
 33.4 22.4
 33.8 22.6
 33.9 22
 34.2 21.7
 35.2 21.6
 35.2 20.6
 35.5 20.3
 36.5 20.3
 37.4 21.1

 15.4 20.6
 15.4 21.4
 15.2 21.6
 13.7 21.7
 14.1 22.3
 14.1 23
 13.7 23.4
 12.7 23.4
 11.7 22.5
 11.5 22.1
 11.5 21.2
 11.8 20.9
 12.7 20.9
 13.1 21.1
 13.3 20.2
 14.5 20.2
 15.2 20.4

 9.7 20.2
 10.2 20.9
 10.1 22.5
 9.5 23.1
 8.9 23.2
 8 23
 7.7 22.5
 7.7 21
 7.8 20.6
 8.2 20.2

 22.8 20.8
 23.1 20.7
 23.2 20.2
 25.1 20.2
 25.6 20.6
 25.6 21.6
 24.9 22
 24.2 22
 23.9 22.3
 23.1 22.4
 22.6 22.1
 22.6 21.1

 55.1 20
 55.5 21
 55.5 21.8
 55.2 22.1
 55.2 22.5
 54.8 22.9
 54 23.2
 52.3 23.1
 51.7 22.9
 51.2 22.4
 51.2 21.3
 51.4 21
 52.5 21
 53.2 21.5
 53.6 21.4
 53.8 21.1
 53.6 20.6
 53.6 19.7
 53.8 19.5
 54.7 19.5

 89.6 19.4
 90.1 19.8
 90.3 20.2
 90.3 21.1
 90 21.4
 89.3 21.5
 88.4 21.1
 88.1 20.8
 88.1 19.8
 88.4 19.4

 62.7 21
 62.4 21.3
 61.5 21.4
 60.7 21
 60.5 21.2
 60.3 21.9
 60 22.2
 60 23.4
 59.4 24
 58 24.1
 57.7 24
 57.3 23.5
 57.3 21.7
 57.8 21.2
 58.6 21.1
 59 20
 59.4 19.5
 59.8 19.5
 60.1 19.2
 61.5 19.2
 62.7 20.1

 44.8 18.7
 45.9 18.7
 46.4 19.2
 47.1 19.2
 47.4 19.5
 47.4 20.9
 47 21.2
 46.4 21.3
 45.7 20.8
 44.7 20.6
 44.5 20.3
 44.5 19

 74.3 18.8
 74.3 20
 74.1 21
 73.5 21.4
 72.9 21.3
 72.8 19.5
 73 18.7
 74.1 18.6

 79.6 18.3
 80.1 18.9
 80.3 19.8
 80.2 20.9
 79.5 21.3
 78.8 21.2
 78.4 20.7
 78.3 18.5
 78.7 18.3

 31.1 18.6
 31.1 19.4
 30.6 20.1
 29.8 20.6
 29 20.5
 28.8 20.3
 28.9 19.1
 29.7 18.3
 30.8 18.3

 83.7 18
 85.3 18.1
 85.9 18.6
 85.8 19.7
 85 20.1
 83.6 19.9
 83.2 19.5
 83.2 18.3

 24.5 17.5
 24.7 17.7
 24.8 19.2
 24.4 19.6
 23.4 19.7
 23 19.5
 22.9 17.8
 23.2 17.5

 52.9 17.3
 53.6 17.9
 53.7 19.1
 53.1 19.9
 52 20.1
 51.1 19.5
 51 18.1
 51.5 17.4

 33 16.8
 34 16.8
 34.6 17
 35.1 17.5
 35 18.9
 34.2 19.3
 32.7 19
 32.3 18.5
 32.4 17.2

 57.4 15.9
 57.7 16.2
 57.7 17.2
 57.3 17.6
 56.5 17.7
 56.1 17.5
 56.1 16.2
 56.4 15.9

 51 15
 51.6 15.4
 51.6 16.1
 51 16.5
 51 17.2
 50.7 17.5
 50.1 17.6
 49.4 17.2
 49.4 16.5
 48.8 16.1
 48.9 15

 10.3 15.7
 10.3 17
 9.6 17.6
 8.4 17.7
 8 18
 8 19.7
 7.3 20.4
 6 20.5
 5.9 21
 5.7 21.2
 5 21.3
 4.7 21.6
 3.7 22
 2.8 22
 2.4 21.8
 2.2 21.4
 2.2 20.5
 2.6 20
 3.5 19.6
 5 19.5
 5 18.1
 5.6 17.4
 5.9 17.3
 5.9 16.5
 6.3 15.9
 6.8 15.7
 7.5 15.7
 7.6 15.4
 8.2 14.9
 9.6 14.9

 37.4 14.1
 38 14.5
 38 15.7
 37.7 16.1
 36.8 16.3
 36 15.8
 36 14.8
 36.3 14.2

 43.4 14.8
 43.3 15.7
 42.7 16.1
 42.1 16.1
 41 15.5
 40.9 16.4
 41.6 17
 41.7 17.5
 41.9 17.7
 43.5 17.6
 43.7 17.8
 43.7 18.7
 43.3 19.1
 42 19.6
 41.1 19.6
 40.7 19.4
 40.6 19.1
 40.1 19
 39.8 19.8
 39.3 20.2
 38.7 20.3
 38.1 20.1
 37.9 19.8
 37.9 18.5
 38.4 17.8
 38.7 17.7
 38.6 15.1
 39 14.6
 40.4 14.6
 40.8 15.1
 40.9 14.3
 41.1 14
 42.5 14
 42.9 14.2

 14 14.2
 14 15.1
 13.6 15.7
 13.9 16
 13.9 17.4
 13.6 18.1
 13.3 18.4
 12.7 18.7
 12.3 18.7
 11.5 18.3
 11.4 17.1
 10.7 16.6
 10.5 16.2
 10.5 15.1
 11 14.6
 11.8 14.6
 12.7 13.8
 13.6 13.8

 56.9 14.9
 56.4 15.5
 55.4 15.6
 54.9 15.4
 54.5 15
 54.4 15.7
 54 16.3
 53 16.4
 52.6 16.2
 52.5 14.1
 52.8 13.6
 54.1 13.6
 54.4 14
 54.8 13.3
 56.2 13.3
 56.8 13.8

 23.1 11.3
 24.6 11.3
 25.6 11.5
 25.8 11.7
 25.9 12.4
 26.9 12.6
 27.4 13.2
 27.8 14
 27.8 15.1
 27.5 15.4
 26.8 15.5
 26.1 15
 25 14.8
 24.5 14.3
 24.6 13
 23 12.6
 22.9 11.5

 79.3 14.7
 79.1 14.9
 77.8 15.3
 77.3 15.3
 76.8 15.9
 76.4 16.1
 76.3 16.5
 75.7 17.2
 74.5 17.4
 73.6 16.8
 73.6 17.8
 73.1 18.2
 71.6 18.4
 70.9 18.1
 70.9 16.6
 71.3 16.2
 72.3 16.2
 72.6 16.7
 73.3 16.6
 73.2 13.7
 73.5 13.4
 73.4 13.3
 72.4 13.3
 71.5 12.5
 71.3 13.6
 70.9 14
 70.2 14.2
 70.6 14.8
 70.6 15.8
 70.1 16.1
 69.4 16
 69 15.7
 68.4 14.7
 68.3 13.9
 67.7 14.5
 67.7 14.8
 67.5 15
 66.5 15.1
 66.2 16.3
 67.1 16.4
 67.8 17
 67.9 18.2
 68.7 18.3
 69.2 18.7
 69.2 19.6
 69 19.8
 69.1 19.9
 69.8 19.9
 70.5 20.3
 70.5 21.2
 70.3 21.4
 69.8 21.5
 69.4 22
 68.6 22.1
 68.1 21.8
 68.1 20.8
 68.3 20.6
 68.3 20
 67.7 19.8
 67.4 19.5
 67.4 19
 67.3 18.9
 66.7 19.3
 66 19.4
 65.2 19
 65.1 17.4
 65.3 17
 63.9 16.7
 63.5 16.3
 63.5 14.8
 63.8 14.3
 64.2 14.1
 64.9 14.1
 65.1 13.7
 65.4 13.6
 66.4 13.6
 66.5 13.2
 67.1 12.7
 68.1 12.7
 68.4 13
 68.5 13.5
 69.2 13.5
 69.3 12
 69.7 11.6
 70.4 11.6
 70.6 11
 71.3 11
 71.5 10.8
 72.4 10.8
 73.1 11.3
 73.7 12.2
 73.7 13.2
 75 13.2
 75.4 13.4
 76.4 13.2
 77.6 13.2
 78.7 13.5
 79.3 13.9

 32.9 11.1
 32.8 13.1
 32.1 13.5
 31.6 13.5
 31.2 13.3
 31 14.5
 30.4 15.1
 29.1 15.2
 28.6 15
 28.2 14.5
 28.3 12.7
 28.8 12.2
 30.1 12.2
 30.5 12.3
 30.9 12.7
 31 10.7
 31.2 10.5
 32.4 10.5

 99.5 13.3
 99 13.6
 98.3 13.5
 97.1 12.8
 96.6 13.5
 95.5 13.7
 96.1 13.9
 96.5 14.4
 97.6 14.5
 97.8 14.7
 97.8 15.6
 98.6 15.7
 98.9 16
 98.9 17.2
 98.3 17.6
 97.6 17.5
 97.4 17.3
 97.3 16.2
 96.2 16.3
 96.8 17.1
 96.8 18.2
 96.3 18.6
 95.6 18.7
 94.8 18.3
 94.5 17.8
 94.5 16.5
 94.8 16.1
 94.3 15.9
 94 15.5
 93.5 15.8
 93 15.8
 92.9 16.2
 92.4 16.7
 91.6 16.8
 91.1 16.5
 91 17.4
 90.4 18.2
 88.9 18.5
 88 18
 87.8 17.4
 87.8 16.2
 88.3 15.6
 89 15.4
 90 15.4
 90.8 15.9
 90.9 16.3
 91.1 14.9
 91.5 14.4
 92.6 14.4
 92.7 13.9
 92.9 13.7
 93.9 13.7
 94.3 13.9
 94.6 13.7
 95.6 13.6
 95.1 13.3
 94.9 12.5
 94.3 12.4
 93.8 12
 93.8 10.8
 94.2 10.4
 95.6 10.5
 96 11
 96.6 11
 97.1 11.6
 98.3 11.7
 99.5 12.5

 82.7 10.6
 82.7 11.6
 82 12.2
 81 12.2
 80.8 12
 80.8 10.7
 81.2 10.3
 82.4 10.3

 78.3 10.1
 79 10.7
 79 11.8
 78.3 12.6
 77.3 12.7
 76.5 12.2
 76.5 10.8
 77 10.2

 34.3 9.1
 35.3 9.1
 35.9 9.6
 36.3 10.5
 36.2 11.6
 36.5 12.1
 36.7 11.9
 37.8 11.9
 38 12.1
 38.7 12.1
 39.2 12.5
 39.2 13.3
 38.7 13.6
 38.2 13.6
 37.8 13.4
 36.9 13.5
 36.6 13.4
 36.4 13.1
 35.9 13.5
 35.3 13.6
 34.5 13.3
 33.8 12.5
 33.7 12.1
 33.8 9.4

 23.3 9.1
 24.7 9.1
 25 9.4
 25 10.3
 24.4 10.7
 23.4 10.6
 23.1 10.3
 23.1 9.3

 2.8 8.9
 3 9.1
 3 10
 2.8 10.2
 2 10.3
 1.6 10.1
 1.7 8.9

 61.4 9
 62 9.7
 62.7 10.2
 62.8 11.4
 62.6 11.6
 63.5 12.3
 63.6 13.5
 63 14.3
 62.4 14.5
 62.4 15.2
 61.9 15.6
 60.8 15.6
 60.2 15
 60.1 15.5
 59.5 16
 58.9 16.2
 57.9 16.1
 57.7 15.9
 57.7 14.8
 58.4 14.4
 59.8 14.4
 60 14.6
 60.1 13.8
 59.3 13.6
 58.9 13.3
 58.5 12.6
 58.5 11.6
 57.6 11.2
 57.6 10
 58 9.8
 59.4 9.8
 59.6 8.7
 60.8 8.7

 82.2 7.5
 82.2 9.2
 82 9.8
 81.5 10.1
 79.7 10
 79.4 9.7
 79.4 8.3
 79.8 7.9
 80.5 7.9
 80.9 7.3
 82 7.3

 89.5 7.3
 89.5 9
 90.2 9.1
 90.5 9.4
 90.5 10.3
 90.1 11.1
 89.2 11.7
 88.4 11.5
 88.3 10.1
 88.5 9.8
 87.8 9.6
 87.3 9
 86.8 8.9
 86.8 10
 86.5 10.5
 86.4 12
 86 12.5
 84.7 13
 85.4 13.2
 86 13.8
 86 14.6
 85.4 15
 84.8 15
 84.4 14.8
 84.3 14.9
 84.4 15.8
 83.9 16.4
 83.3 16.6
 83.2 18
 82.7 18.5
 81.1 18.5
 80.7 18
 80.7 17
 79.9 16.8
 79.7 16.5
 79.7 15.3
 79.9 15.1
 80.9 15.1
 81.3 15.6
 81.6 15.6
 81.7 14.4
 82.1 14
 83.3 14
 83.7 14.3
 83.9 14.2
 83.8 13.4
 82.9 13.7
 82.4 13.4
 82.4 12.4
 82.6 12
 83.2 11.4
 83.8 11.3
 84.3 11
 84.6 10.4
 83.7 9.9
 83.5 9.3
 83.6 7.6
 84.3 7.3
 85.3 7.3
 86 7.9
 86.3 8.7
 86.3 7.3
 86.6 6.9
 88.9 6.7

 97.3 6.4
 98.5 6.4
 99 6.6
 99.2 6.8
 99.2 7.1
 99.8 7.5
 99.8 8.5
 99.6 9
 99.2 9.4
 97.7 9.4
 96.7 8.9
 96.6 7.3
 97 6.6

 6.5 6
 6.7 7.1
 8.3 7.1
 9.2 8
 9.2 9.4
 8.5 10
 8.5 10.7
 7.9 11.5
 8.4 11.9
 8.5 13
 8.1 13.5
 7.4 13.7
 6.8 13.7
 6.3 13.5
 6.1 13.2
 6.1 12.1
 5.8 12
 5.6 11.7
 5.5 10.9
 5.4 11.8
 5 12.3
 4.5 12.5
 5.1 13.6
 5.1 14.3
 4.4 15
 3.5 15.4
 2.8 15.4
 2 15.9
 2.3 16.4
 2.3 17.2
 1.9 17.7
 1.3 17.9
 0.2 17.8
 0.1 16
 0.5 15.8
 1.2 15.8
 1.4 14.5
 1.9 14
 2.5 13.9
 3.1 13.4
 3.2 12.7
 3.4 12.5
 4.2 12.4
 3.8 12.2
 3.8 11.2
 4.3 10.6
 4 10
 4.1 8.6
 4.8 8.2
 5.7 8.1
 5.6 7.8
 4.7 7.9
 4.3 7.7
 3.5 8.1
 2.7 8
 2.5 7.6
 2.5 6.5
 2.7 5.5
 3.9 5.4
 4.2 5.9
 4.8 5.7
 6.3 5.8

 98.3 4.7
 99.5 4.7
 99.9 4.9
 99.9 6.4
 99.2 6.5
 98.3 6.1
 98.1 5.8
 98.1 4.9

 61.5 4.6
 61.8 4.5
 62.7 4.5
 63.3 5
 63.6 5.7
 64.3 5.5
 65.4 5.5
 66 5.9
 66 7
 65.5 7.5
 64 7.7
 63.8 8.6
 63.5 8.9
 62.5 8.9
 62.4 7.4
 61.4 6.8
 61.2 6.2
 61.2 5

 80.3 4
 81.2 4
 81.7 4.5
 83.6 4.5
 83.9 4.8
 83.9 5.8
 83.6 6.1
 82.3 6.2
 81.7 6.6
 81.1 6.5
 80.7 6.2
 80.1 5.3
 80.1 4.2

 78.8 4.3
 78.8 5.3
 78.5 6.1
 78.7 6.4
 78.7 7.3
 78.2 7.6
 77.4 7.6
 77.6 8
 77.6 8.7
 77.1 9.4
 76.5 9.6
 75.9 9.5
 75.5 9.3
 75.2 8.9
 75.2 8.1
 74.4 7.9
 73.9 7.4
 74 6.2
 74.9 6.2
 75.2 6.5
 75.3 6.4
 75 5.7
 74.2 5.3
 74.2 4
 74.6 3.7
 76.1 3.7
 76.6 4
 77 3.6
 78.4 3.7

 23.1 4.1
 23.1 5.3
 22.5 5.7
 23.1 5.9
 23.5 6.5
 23.5 7.3
 23.2 7.8
 23.2 8.4
 22.4 9
 22.4 9.2
 22.1 9.5
 21.8 9.6
 21.2 9.5
 20.9 9.2
 20.1 9.1
 19.7 9.5
 19.5 10.1
 20 10.2
 20.2 10.4
 20.2 12.8
 20.4 13
 20.7 13
 21.2 13.5
 22.6 13.5
 23.4 13.9
 23.8 14.3
 23.9 14.8
 25 15.1
 25.6 15.7
 25.5 16.7
 24.9 17.1
 24.1 17.1
 23.4 16.8
 22.9 17.5
 22.6 17.6
 21.2 17.5
 20.9 17.3
 20.9 16.1
 21.1 15.9
 22.5 15.8
 22.4 15.2
 21.3 14.7
 20.7 15.5
 20 15.7
 19.4 16.2
 20 16.6
 20 17.6
 19.7 17.9
 18.8 18.1
 18.8 18.9
 18.4 19.3
 17.7 19.5
 16.7 19.4
 16.5 19.1
 16.1 19
 15.7 18.5
 15.7 17.6
 15 16.9
 15 15.9
 15.1 15.5
 15.8 14.9
 17.4 14.9
 18 15.6
 18 16
 18.3 16
 18.4 13.6
 18.8 13
 18.7 11.2
 18 11.2
 17.5 11
 17.4 10.4
 16.9 10.2
 16.5 9.7
 16.5 8.6
 17 8.4
 16.4 8
 16.4 6.7
 16.6 6.5
 16.6 5.6
 15.8 5.6
 15.3 5.3
 15.2 4.1
 15.4 3.8
 16.6 3.8
 17 4.3
 17 5.1
 16.7 5.4
 17.8 5.5
 18.5 6.4
 18.7 7
 19.4 7
 20.3 7.9
 20.8 7.6
 20.9 6.3
 21.2 6
 22 5.7
 21.6 5.5
 20.8 5.5
 20.3 5.3
 20.1 4.9
 20.1 4
 20.5 3.7
 21 3.7
 21.6 3.4
 22.5 3.4

 29.3 3.3
 29.8 3.5
 30 3.7
 30.3 4.7
 31.1 4.7
 31.5 5.1
 31.4 7
 31 7.5
 29.8 7.5
 29.6 7.3
 29.5 6.2
 28.9 6.5
 28.1 6.3
 27.9 6.4
 28.1 6.8
 28.1 7.5
 27.6 8.3
 27.7 8.7
 27.9 8.5
 29.9 8.5
 30.5 8.9
 30.5 10.2
 29.6 10.8
 28.3 10.8
 27.6 10.5
 27.4 9
 27.1 9.3
 26.4 9.6
 25.4 9.6
 25.2 9.3
 25.2 8.8
 24.2 8.5
 23.8 7.9
 23.8 6.7
 24 6.5
 25 6.5
 25.3 6.8
 25.6 6.2
 26 5.9
 27.3 5.8
 27.2 4.4
 27.5 3.6
 28 3.3

 1.5 3.1
 2.2 3.6
 2.3 5.5
 2 5.8
 1 5.9
 0.1 5.5
 0.1 3.9
 0.4 3.8
 0.5 3.1

 7.7 3
 8.6 3
 9.3 3.5
 9.7 3.5
 10.4 4.2
 10.4 4.7
 10.6 4.9
 11 4.6
 13 4.7
 13.5 5.2
 13.5 6.5
 14 7
 14.3 7.8
 14.2 8.9
 13.4 9.4
 12.4 9.3
 12 8.9
 11.8 8.3
 11.8 7.3
 11 7.1
 10.5 6.6
 10.4 6
 10 6.5
 9.7 6.6
 8.4 6.6
 7.8 5.8
 7.7 4.4
 7.5 4.1
 7.5 3.2

 38.1 4
 37.6 4.6
 38.3 4.7
 38.9 5.2
 38.8 6.3
 37.8 7
 37.2 7.1
 36.8 6.9
 36.7 5.4
 36.5 5.3
 35.8 5.6
 36.4 6
 36.5 6.3
 36.5 7.5
 35.9 8.4
 34.7 8.7
 33.5 8
 33.3 7.1
 33.1 7.3
 32.5 7.4
 31.9 7.1
 31.8 5.9
 32.2 5.3
 33.3 5.3
 33.7 5.9
 33.9 5.6
 34.8 5.3
 34.3 4.9
 34.3 4
 34.5 3.7
 35.7 3.7
 36.8 2.8
 37.8 2.8
 38.1 3.1

 90.5 1.3
 91.3 2.1
 91.6 2.1
 91.9 2.4
 91.9 3.3
 91.4 3.9
 90.9 4.1
 90.3 4
 89.8 3.3
 89.6 3.3
 89.1 2.8
 89.1 1.6
 89.4 1.3

 74.5 1.4
 74.7 3.2
 74.3 3.6
 73.4 3.9
 72.5 3.9
 72 3.7
 71.8 3.5
 71.8 2.1
 73.1 1.1
 74.2 1.1

 58.9 6.1
 58.5 6.5
 58 6.7
 57.1 6.7
 56.7 6.5
 56.6 6.9
 56.3 7.2
 55.2 7.8
 55.2 8.5
 54.8 8.8
 53.8 9
 53 8.6
 52.3 9.1
 50.6 8.9
 50.5 9.7
 51.2 9.8
 51.6 10.2
 51.6 11.1
 51.2 11.6
 49.7 12
 49 11.7
 48.1 10.6
 47.9 11.5
 47.1 12.3
 47.2 13.1
 47.6 14
 47.6 14.7
 47.1 15.4
 47 16.5
 46.5 17.1
 45.3 17.2
 44.8 16.9
 44.6 16.5
 44.7 15
 44.5 14.7
 44.4 13.4
 44.2 13.3
 44 13.5
 43.4 13.6
 42.9 13.3
 42.7 12.3
 42.7 10.9
 43.8 10.8
 44.1 11.2
 44.3 12.4
 44.8 11.6
 45.5 11.4
 45.5 11
 45.3 10.8
 45.3 9.5
 45.6 9.1
 46.2 8.7
 47.2 8.7
 47.4 8.9
 47.5 8.4
 47 7.3
 46 7
 45.7 7.1
 45.7 7.3
 45 8
 44.2 8.2
 43.8 8
 43.3 8.6
 43 8.7
 42.1 8.5
 41.9 8.1
 40.9 8.1
 40.5 7.7
 40.2 7
 40.2 6
 40.4 5.8
 40.1 5.4
 40.1 4.1
 40.8 3.4
 42.3 3.4
 42.9 4.1
 42.9 5.4
 42.7 5.6
 42.8 5.7
 44.6 5.9
 45.1 6.4
 45.3 6.4
 45.3 5.2
 45.5 4.6
 44.6 4.5
 44.3 4.2
 43.9 3.5
 43.9 2.6
 45 2.5
 45.8 3.6
 45.9 4.4
 46.5 4
 46.1 3.6
 46.1 3.2
 45.9 2.9
 46 1.2
 46.7 1
 48 1
 48.6 1.8
 49.2 1.9
 49.6 2.3
 50.3 2.3
 50.8 2.9
 50.9 3.5
 52.3 3.5
 52.5 3.7
 52.5 4.6
 52 5
 50.5 5.2
 50.2 5.1
 49.9 4.7
 49 4.9
 49.1 6.1
 48.4 6.8
 48.9 7.7
 49.5 7.6
 49.5 6.8
 50.2 6.1
 51.5 6.1
 53.1 7.4
 53.4 7.2
 53.9 7.2
 54.2 6.6
 55.3 6
 56.5 5.9
 55.5 5.6
 54.8 5
 54.6 4.6
 54.5 3.6
 54.1 4
 53.6 4.2
 52.9 4
 53 2.8
 53.9 2
 54.9 2
 55.1 2.2
 55.1 3
 54.8 3.3
 54.9 3.4
 56.2 3.5
 57 4.2
 57.2 4.6
 58.4 4.6
 58.9 5

 97.5 0.6
 97.6 1.2
 98.5 1.2
 99 1.8
 99.2 2.7
 99.1 3.9
 98.6 4.2
 97.8 4.1
 97.4 3.6
 97.2 2.1
 97.1 2
 96.8 2.4
 96.4 2.5
 96.3 2.7
 96.9 3.3
 96.9 4.5
 96 5.4
 95.2 5.5
 95.1 6.2
 94.7 7
 93.7 7.5
 94.5 8
 94.7 8.5
 94.7 9.2
 94.4 9.9
 94 10.3
 93.5 10.5
 92.2 10.2
 91.9 9.8
 92 8.1
 92.2 7.8
 92.6 7.6
 93.3 7.5
 92.2 7.2
 91.3 7.3
 90.7 7
 90.7 5.9
 91 5.7
 91 5.1
 91.6 4.3
 93.9 4.2
 93.9 3.4
 93.2 3.1
 92.9 2.7
 92.9 1.6
 93.2 1.1
 94.6 1
 95.2 1.5
 96.1 0.4
 97.3 0.4

 28.2 0.3
 29.7 0.3
 30.2 0.8
 30.2 1.3
 30.7 1.4
 31.1 1.8
 31.1 2.6
 30.5 3
 30.1 3
 29.5 2.7
 28.1 2.7
 27.6 2.2
 27.7 0.8

 38.5 0.4
 38.5 1.3
 38 2.1
 37.4 2.5
 36.6 2.4
 36.5 1.3
 36.8 0.8
 37.4 0.2
 38.3 0.2

 34.1 0.2
 35.4 0.3
 35.7 0.6
 35.7 0.8
 36.3 1.3
 36.2 2.2
 35.7 2.5
 34.8 2.5
 33.9 2.2
 33.6 1.9
 33.7 0.4

 65.5 1.8
 66.1 1.6
 67.7 1.7
 67.9 0.7
 68.7 0.1
 70.3 0.2
 71 1.2
 70.9 2.5
 70.2 3.1
 70.5 3.2
 71.2 3.9
 71.3 5.1
 70.5 6
 69.1 6
 68.4 5.4
 68.4 3.9
 69 3.3
 68.4 3.1
 68.1 2.7
 68 3.2
 67.5 3.7
 66.4 4.1
 65.6 4
 65.2 3.8
 65.1 3.5
 65.2 2.1

 58.5 0.1
 58.6 0.7
 59.5 0.7
 59.8 1.2
 60.7 0.4
 62.3 0.4
 62.9 1.2
 62.8 2.5
 61.5 3.4
 60.9 3.3
 60.4 3.6
 59.4 3.5
 58.4 2.8
 58.1 2.2
 57.1 2.3
 56.4 1.8
 56.4 0.1

 26.3 1
 26 1.3
 25.5 1.5
 24.4 1.4
 24.3 2.2
 23.7 2.6
 23.1 2.5
 22.9 2.3
 22.9 1.4
 23.1 1.1
 24 1.1
 24.2 1.3
 24.3 1.2
 24.4 0.1
 26.3 0.2

 14.6 0.1
 15.2 0.9
 16.3 1
 16.5 1.2
 16.5 2
 15.8 2.4
 15 2.4
 14.4 2.2
 13.4 1.4
 13.2 1
 13.2 0.1

 10.6 0.1
 10.7 0.6
 10.9 0.8
 11.9 0.8
 12.7 1.3
 13.1 2
 13.1 2.7
 12.8 3.2
 12.3 3.5
 11.4 3.5
 10.5 3.2
 9.4 3.1
 9.2 2.7
 8.8 2.6
 8.3 2
 8.2 0.1

 4.6 0.1
 4.8 0.7
 4.8 1.7
 4.3 2
 3.4 1.9
 2.9 1
 2.9 0.1

